Vertex Count: 78

Data:

4 -0.5 -4 0.998008 0.998008 0 1 -0
-4 -0.5 4 0.001992 0.00199199 0 1 -0
4 -0.5 4 0.998008 0.00199199 0 1 -0
4 -0.5 -4 0.998008 0.998008 0 1 -0
-4 -0.5 -4 0.001992 0.998008 0 1 -0
-4 -0.5 4 0.001992 0.00199199 0 1 -0
4 1 4 0.187127 0.998008 0 0 -1
-4 -0.5 4 0.000374 0.00199199 0 0 -1
-4 1 4 0.187127 0.00199199 0 0 -1
4 -0.5 4 0.000374 0.998008 0 0 -1
-4 -0.5 4 0.000374 0.00199199 0 0 -1
4 1 4 0.187127 0.998008 0 0 -1
4 1 -4 0.187126 0.998008 -1 0 -0
4 -0.5 4 0.000373 0.00199199 -1 0 -0
4 1 4 0.187126 0.00199199 -1 0 -0
4 -0.5 -4 0.000373 0.998008 -1 0 -0
4 -0.5 4 0.000373 0.00199199 -1 0 -0
4 1 -4 0.187126 0.998008 -1 0 -0
-4 1 -4 0.000374 0.00199199 0 0 1
4 -0.5 -4 0.187127 0.998008 0 0 1
4 1 -4 0.000374 0.998008 0 0 1
-4 1 -4 0.000374 0.00199199 0 0 1
-4 -0.5 -4 0.187127 0.00199199 0 0 1
4 -0.5 -4 0.187127 0.998008 0 0 1
-4 1 4 0.187127 0.998008 1 0 -0
-4 -0.5 -4 0.000374 0.00199199 1 0 -0
-4 1 -4 0.187127 0.00199199 1 0 -0
-4 -0.5 4 0.000374 0.998008 1 0 -0
-4 -0.5 -4 0.000374 0.00199199 1 0 -0
-4 1 4 0.187127 0.998008 1 0 -0
-5 1 5 0.199602 0.00199199 -1 0 -0
-5 -1 -5 0.000398 0.998008 -1 0 -0
-5 -1 5 0.000398 0.00199199 -1 0 -0
-5 1 -5 0.199602 0.998008 -1 0 -0
-5 -1 -5 0.000398 0.998008 -1 0 -0
-5 1 5 0.199602 0.00199199 -1 0 -0
5 1 -5 0.199602 0.00199199 1 0 -0
5 -1 5 0.000398 0.998008 1 0 -0
5 -1 -5 0.000398 0.00199199 1 0 -0
5 1 5 0.199602 0.998008 1 0 -0
5 -1 5 0.000398 0.998008 1 0 -0
5 1 -5 0.199602 0.00199199 1 0 -0
-5 -1 5 0.199602 0.00199199 0 0 1
5 1 5 0.000398 0.998008 0 0 1
-5 1 5 0.000398 0.00199199 0 0 1
5 -1 5 0.199602 0.998008 0 0 1
5 1 5 0.000398 0.998008 0 0 1
-5 -1 5 0.199602 0.00199199 0 0 1
-5 1 5 0.001992 0.00199199 0 1 -0
-4 1 -4 0.101594 0.898406 0 1 -0
-5 1 -5 0.001992 0.998008 0 1 -0
-5 1 5 0.001992 0.00199199 0 1 -0
-4 1 4 0.101594 0.101594 0 1 -0
-4 1 -4 0.101594 0.898406 0 1 -0
-4 1 -4 0.101594 0.898406 0 1 -0
5 1 -5 0.998008 0.998008 0 1 -0
-5 1 -5 0.001992 0.998008 0 1 -0
4 1 -4 0.898406 0.898406 0 1 -0
5 1 -5 0.998008 0.998008 0 1 -0
-4 1 -4 0.101594 0.898406 0 1 -0
4 1 -4 0.898406 0.898406 0 1 -0
5 1 5 0.998008 0.00199199 0 1 -0
5 1 -5 0.998008 0.998008 0 1 -0
4 1 4 0.898406 0.101594 0 1 -0
5 1 5 0.998008 0.00199199 0 1 -0
4 1 -4 0.898406 0.898406 0 1 -0
4 1 4 0.898406 0.101594 0 1 -0
-5 1 5 0.001992 0.00199199 0 1 -0
5 1 5 0.998008 0.00199199 0 1 -0
-5 1 5 0.001992 0.00199199 0 1 -0
4 1 4 0.898406 0.101594 0 1 -0
-4 1 4 0.101594 0.101594 0 1 -0
-5 1 -5 0.199602 0.00199199 0 0 -1
5 -1 -5 0.000398 0.998008 0 0 -1
-5 -1 -5 0.000398 0.00199199 0 0 -1
5 1 -5 0.199602 0.998008 0 0 -1
5 -1 -5 0.000398 0.998008 0 0 -1
-5 1 -5 0.199602 0.00199199 0 0 -1
