Vertex Count: 36

Data:

-5 5 -0.5 0.001992 0.00199199 0 0 -1
5 -5 -0.5 0.998008 0.998008 0 0 -1
-5 -5 -0.5 0.001992 0.998008 0 0 -1
5 5 -0.5 0.998008 0.00199199 0 0 -1
5 -5 -0.5 0.998008 0.998008 0 0 -1
-5 5 -0.5 0.001992 0.00199199 0 0 -1
-5 5 0.5 0.099801 0.00199199 0 1 -0
5 5 -0.5 0.000199 0.998008 0 1 -0
-5 5 -0.5 0.000199 0.00199199 0 1 -0
5 5 0.5 0.099801 0.998008 0 1 -0
5 5 -0.5 0.000199 0.998008 0 1 -0
-5 5 0.5 0.099801 0.00199199 0 1 -0
-5 -5 0.5 0.001992 0.00199199 0 0 1
5 5 0.5 0.998008 0.998008 0 0 1
-5 5 0.5 0.001992 0.998008 0 0 1
5 -5 0.5 0.998008 0.00199199 0 0 1
5 5 0.5 0.998008 0.998008 0 0 1
-5 -5 0.5 0.001992 0.00199199 0 0 1
-5 -5 -0.5 0.099801 0.00199199 0 -1 -0
5 -5 0.5 0.000199 0.998008 0 -1 -0
-5 -5 0.5 0.000199 0.00199199 0 -1 -0
5 -5 -0.5 0.099801 0.998008 0 -1 -0
5 -5 0.5 0.000199 0.998008 0 -1 -0
-5 -5 -0.5 0.099801 0.00199199 0 -1 -0
5 5 -0.5 0.000199 0.00199199 1 0 -0
5 -5 0.5 0.099801 0.998008 1 0 -0
5 -5 -0.5 0.000199 0.998008 1 0 -0
5 5 0.5 0.099801 0.00199199 1 0 -0
5 -5 0.5 0.099801 0.998008 1 0 -0
5 5 -0.5 0.000199 0.00199199 1 0 -0
-5 5 0.5 0.000199 0.00199199 -1 0 -0
-5 -5 -0.5 0.099801 0.998008 -1 0 -0
-5 -5 0.5 0.000199 0.998008 -1 0 -0
-5 5 -0.5 0.099801 0.00199199 -1 0 -0
-5 -5 -0.5 0.099801 0.998008 -1 0 -0
-5 5 0.5 0.000199 0.00199199 -1 0 -0
