Vertex Count: 936

Data:

11.3079 45.6105 -6.66262 -0.000499517 1.9995 -1 1.80793e-007 -9.13973e-008
17.8372 54.105 25.0656 -0.999501 1.0005 -1 1.80793e-007 -9.13973e-008
27.0404 59.7445 3.98879 -0.000499755 1.0005 -1 2.97985e-008 5.96008e-008
17.8372 54.105 25.0656 -0.999501 1.0005 -1 1.80793e-007 -9.13973e-008
11.3079 45.6105 -6.66262 -0.000499517 1.9995 -1 1.80793e-007 -9.13973e-008
2.10472 39.9711 14.4141 -0.9995 1.9995 -1 2.97985e-008 5.96008e-008
2.10472 39.9711 14.4141 -0.000499517 1.9995 1 1.21196e-007 -2.10599e-007
27.0404 59.7445 3.98879 -0.999501 1.0005 1 1.21196e-007 -2.10599e-007
17.8372 54.105 25.0656 -0.000499755 1.0005 -1 1.80793e-007 -9.13973e-008
27.0404 59.7445 3.98879 -0.999501 1.0005 1 1.21196e-007 -2.10599e-007
2.10472 39.9711 14.4141 -0.000499517 1.9995 1 1.21196e-007 -2.10599e-007
11.3079 45.6105 -6.66262 -0.9995 1.9995 -1 1.80793e-007 -9.13973e-008
14.2648 33.7194 4.74899 -0.000499517 1.9995 2.8412e-007 2.26493e-007 -1
14.8803 65.9961 13.6539 -0.999501 1.0005 2.8412e-007 2.26493e-007 -1
29.9973 47.8534 15.4004 -0.000499755 1.0005 1.33122e-007 7.54953e-008 -1
14.8803 65.9961 13.6539 -0.999501 1.0005 2.8412e-007 2.26493e-007 -1
14.2648 33.7194 4.74899 -0.000499517 1.9995 2.8412e-007 2.26493e-007 -1
-0.852148 51.8622 3.00253 -0.9995 1.9995 1.33122e-007 7.54953e-008 -1
-0.852149 51.8622 3.00254 -0.000499517 1.9995 1.78766e-008 7.55029e-008 1
29.9973 47.8534 15.4004 -0.999501 1.0005 1.78766e-008 7.55029e-008 1
14.8803 65.9961 13.6539 -0.000499755 1.0005 2.8412e-007 2.26493e-007 -1
29.9973 47.8534 15.4004 -0.999501 1.0005 1.78766e-008 7.55029e-008 1
-0.852149 51.8622 3.00254 -0.000499517 1.9995 1.78766e-008 7.55029e-008 1
14.2648 33.7194 4.74899 -0.9995 1.9995 2.8412e-007 2.26493e-007 -1
17.2682 47.3801 -0.841833 -0.000499517 1.9995 -1 1.80793e-007 -9.13973e-008
26.8931 40.4505 24.4195 -0.999501 1.0005 -1 1.80793e-007 -9.13973e-008
33.497 38.4299 5.93433 -0.000499755 1.0005 -1 2.97985e-008 5.96008e-008
26.8931 40.4505 24.4195 -0.999501 1.0005 -1 1.80793e-007 -9.13973e-008
17.2682 47.3801 -0.841833 -0.000499517 1.9995 -1 1.80793e-007 -9.13973e-008
10.6643 49.4007 17.6434 -0.9995 1.9995 -1 2.97985e-008 5.96008e-008
10.6643 49.4007 17.6434 -0.000499517 1.9995 1 1.21196e-007 -2.10599e-007
33.497 38.4299 5.93433 -0.999501 1.0005 1 1.21196e-007 -2.10599e-007
26.8931 40.4505 24.4195 -0.000499755 1.0005 -1 1.80793e-007 -9.13973e-008
33.497 38.4299 5.93433 -0.999501 1.0005 1 1.21196e-007 -2.10599e-007
10.6643 49.4007 17.6434 -0.000499517 1.9995 1 1.21196e-007 -2.10599e-007
17.2682 47.3801 -0.841833 -0.9995 1.9995 -1 1.80793e-007 -9.13973e-008
9.4272 39.6553 7.73402 -0.000499517 1.9995 2.8412e-007 2.26493e-007 -1
34.7341 48.1753 15.8437 -0.999501 1.0005 2.8412e-007 2.26493e-007 -1
25.656 30.7051 14.5102 -0.000499755 1.0005 1.33122e-007 7.54953e-008 -1
34.7341 48.1753 15.8437 -0.999501 1.0005 2.8412e-007 2.26493e-007 -1
9.4272 39.6553 7.73402 -0.000499517 1.9995 2.8412e-007 2.26493e-007 -1
18.5053 57.1255 9.06753 -0.9995 1.9995 1.33122e-007 7.54953e-008 -1
18.5053 57.1255 9.06753 -0.000499517 1.9995 1.78766e-008 7.55029e-008 1
25.656 30.7051 14.5102 -0.999501 1.0005 1.78766e-008 7.55029e-008 1
34.7341 48.1753 15.8437 -0.000499755 1.0005 2.8412e-007 2.26493e-007 -1
25.656 30.7051 14.5102 -0.999501 1.0005 1.78766e-008 7.55029e-008 1
18.5053 57.1255 9.06753 -0.000499517 1.9995 1.78766e-008 7.55029e-008 1
9.4272 39.6553 7.73402 -0.9995 1.9995 2.8412e-007 2.26493e-007 -1
19.8481 53.4193 2.90009 -0.000499517 1.9995 -1 1.80793e-007 -9.13973e-008
30.8131 43.4386 23.1727 -0.999501 1.0005 -1 1.80793e-007 -9.13973e-008
36.5769 49.7609 7.60929 -0.000499755 1.0005 -1 2.97985e-008 5.96008e-008
30.8131 43.4386 23.1727 -0.999501 1.0005 -1 1.80793e-007 -9.13973e-008
19.8481 53.4193 2.90009 -0.000499517 1.9995 -1 1.80793e-007 -9.13973e-008
14.0844 47.097 18.4635 -0.9995 1.9995 -1 2.97985e-008 5.96008e-008
14.0844 47.097 18.4635 -0.000499517 1.9995 1 1.21196e-007 -2.10599e-007
36.5769 49.7609 7.60929 -0.999501 1.0005 1 1.21196e-007 -2.10599e-007
30.8131 43.4386 23.1727 -0.000499755 1.0005 -1 1.80793e-007 -9.13973e-008
36.5769 49.7609 7.60929 -0.999501 1.0005 1 1.21196e-007 -2.10599e-007
14.0844 47.097 18.4635 -0.000499517 1.9995 1 1.21196e-007 -2.10599e-007
19.8481 53.4193 2.90009 -0.9995 1.9995 -1 1.80793e-007 -9.13973e-008
16.2015 42.1641 7.11056 -0.000499517 1.9995 2.8412e-007 2.26493e-007 -1
34.4598 54.6938 18.9622 -0.999501 1.0005 2.8412e-007 2.26493e-007 -1
32.9302 38.5056 11.8198 -0.000499755 1.0005 1.33122e-007 7.54953e-008 -1
34.4598 54.6938 18.9622 -0.999501 1.0005 2.8412e-007 2.26493e-007 -1
16.2015 42.1641 7.11056 -0.000499517 1.9995 2.8412e-007 2.26493e-007 -1
17.731 58.3523 14.253 -0.9995 1.9995 1.33122e-007 7.54953e-008 -1
17.731 58.3523 14.2531 -0.000499517 1.9995 1.78766e-008 7.55029e-008 1
32.9302 38.5056 11.8198 -0.999501 1.0005 1.78766e-008 7.55029e-008 1
34.4598 54.6938 18.9622 -0.000499755 1.0005 2.8412e-007 2.26493e-007 -1
32.9302 38.5056 11.8198 -0.999501 1.0005 1.78766e-008 7.55029e-008 1
17.731 58.3523 14.2531 -0.000499517 1.9995 1.78766e-008 7.55029e-008 1
16.2015 42.1641 7.11056 -0.9995 1.9995 2.8412e-007 2.26493e-007 -1
-8.34229 43.9983 -6.00497 -0.000499517 1.9995 -1 1.80793e-007 -9.13973e-008
25.084 43.7517 -3.98343 -0.999501 1.0005 -1 1.80793e-007 -9.13973e-008
9.04733 57.6423 -14.5005 -0.000499755 1.0005 -1 2.97985e-008 5.96008e-008
25.084 43.7517 -3.98343 -0.999501 1.0005 -1 1.80793e-007 -9.13973e-008
-8.34229 43.9983 -6.00497 -0.000499517 1.9995 -1 1.80793e-007 -9.13973e-008
7.69441 30.1077 4.51214 -0.9995 1.9995 -1 2.97985e-008 5.96008e-008
7.69441 30.1077 4.51213 -0.000499517 1.9995 1 1.21196e-007 -2.10599e-007
9.04733 57.6423 -14.5005 -0.999501 1.0005 1 1.21196e-007 -2.10599e-007
25.084 43.7517 -3.98343 -0.000499755 1.0005 -1 1.80793e-007 -9.13973e-008
9.04733 57.6423 -14.5005 -0.999501 1.0005 1 1.21196e-007 -2.10599e-007
7.69441 30.1077 4.51213 -0.000499517 1.9995 1 1.21196e-007 -2.10599e-007
-8.34229 43.9983 -6.00497 -0.9995 1.9995 -1 1.80793e-007 -9.13973e-008
0.214235 30.3146 -10.4669 -0.000499517 1.9995 2.8412e-007 2.26493e-007 -1
16.5275 57.4355 0.478467 -0.999501 1.0005 2.8412e-007 2.26493e-007 -1
17.6039 43.9586 -18.9624 -0.000499755 1.0005 1.33122e-007 7.54953e-008 -1
16.5275 57.4355 0.478467 -0.999501 1.0005 2.8412e-007 2.26493e-007 -1
0.214235 30.3146 -10.4669 -0.000499517 1.9995 2.8412e-007 2.26493e-007 -1
-0.862109 43.7914 8.97403 -0.9995 1.9995 1.33122e-007 7.54953e-008 -1
-0.862107 43.7914 8.97403 -0.000499517 1.9995 1.78766e-008 7.55029e-008 1
17.6039 43.9586 -18.9624 -0.999501 1.0005 1.78766e-008 7.55029e-008 1
16.5275 57.4355 0.478467 -0.000499755 1.0005 2.8412e-007 2.26493e-007 -1
17.6039 43.9586 -18.9624 -0.999501 1.0005 1.78766e-008 7.55029e-008 1
-0.862107 43.7914 8.97403 -0.000499517 1.9995 1.78766e-008 7.55029e-008 1
0.214235 30.3146 -10.4669 -0.9995 1.9995 2.8412e-007 2.26493e-007 -1
-5.37706 44.8683 -11.2632 -0.000499517 1.9995 -1 1.80793e-007 -9.13973e-008
19.0851 56.4659 -18.038 -0.999501 1.0005 -1 1.80793e-007 -9.13973e-008
0.60763 57.9054 -24.8137 -0.000499755 1.0005 -1 2.97985e-008 5.96008e-008
19.0851 56.4659 -18.038 -0.999501 1.0005 -1 1.80793e-007 -9.13973e-008
-5.37706 44.8683 -11.2632 -0.000499517 1.9995 -1 1.80793e-007 -9.13973e-008
13.1004 43.4288 -4.48751 -0.9995 1.9995 -1 2.97985e-008 5.96008e-008
13.1004 43.4288 -4.48751 -0.000499517 1.9995 1 1.21196e-007 -2.10599e-007
0.607629 57.9054 -24.8137 -0.999501 1.0005 1 1.21196e-007 -2.10599e-007
19.0851 56.4659 -18.038 -0.000499755 1.0005 -1 1.80793e-007 -9.13973e-008
0.607629 57.9054 -24.8137 -0.999501 1.0005 1 1.21196e-007 -2.10599e-007
13.1004 43.4288 -4.48751 -0.000499517 1.9995 1 1.21196e-007 -2.10599e-007
-5.37706 44.8683 -11.2632 -0.9995 1.9995 -1 1.80793e-007 -9.13973e-008
5.60567 36.777 -14.1974 -0.000499517 1.9995 2.8412e-007 2.26493e-007 -1
8.10233 64.5572 -15.1039 -0.999501 1.0005 2.8412e-007 2.26493e-007 -1
11.5904 49.8141 -27.7479 -0.000499755 1.0005 1.33122e-007 7.54953e-008 -1
8.10233 64.5572 -15.1039 -0.999501 1.0005 2.8412e-007 2.26493e-007 -1
5.60567 36.777 -14.1974 -0.000499517 1.9995 2.8412e-007 2.26493e-007 -1
2.11764 51.5201 -1.55336 -0.9995 1.9995 1.33122e-007 7.54953e-008 -1
2.11764 51.5201 -1.55336 -0.000499517 1.9995 1.78766e-008 7.55029e-008 1
11.5904 49.8141 -27.7479 -0.999501 1.0005 1.78766e-008 7.55029e-008 1
8.10233 64.5572 -15.1039 -0.000499755 1.0005 2.8412e-007 2.26493e-007 -1
11.5904 49.8141 -27.7479 -0.999501 1.0005 1.78766e-008 7.55029e-008 1
2.11764 51.5201 -1.55336 -0.000499517 1.9995 1.78766e-008 7.55029e-008 1
5.60567 36.777 -14.1974 -0.9995 1.9995 2.8412e-007 2.26493e-007 -1
-2.84464 46.5726 -13.0102 -0.000499517 1.9995 -1 1.80793e-007 -9.13973e-008
17.2923 44.9248 -27.9304 -0.999501 1.0005 -1 1.80793e-007 -9.13973e-008
-0.279536 44.3455 -30.4421 -0.000499755 1.0005 -1 2.97985e-008 5.96008e-008
17.2923 44.9248 -27.9304 -0.999501 1.0005 -1 1.80793e-007 -9.13973e-008
-2.84464 46.5726 -13.0102 -0.000499517 1.9995 -1 1.80793e-007 -9.13973e-008
14.7272 47.1519 -10.4985 -0.9995 1.9995 -1 2.97985e-008 5.96008e-008
14.7272 47.1519 -10.4985 -0.000499517 1.9995 1 1.21196e-007 -2.10599e-007
-0.279536 44.3455 -30.4421 -0.999501 1.0005 1 1.21196e-007 -2.10599e-007
17.2923 44.9248 -27.9304 -0.000499755 1.0005 -1 1.80793e-007 -9.13973e-008
-0.279536 44.3455 -30.4421 -0.999501 1.0005 1 1.21196e-007 -2.10599e-007
14.7272 47.1519 -10.4985 -0.000499517 1.9995 1 1.21196e-007 -2.10599e-007
-2.84464 46.5726 -13.0102 -0.9995 1.9995 -1 1.80793e-007 -9.13973e-008
6.06807 38.0572 -10.6107 -0.000499517 1.9995 2.8412e-007 2.26493e-007 -1
8.37955 53.4402 -30.3298 -0.999501 1.0005 2.8412e-007 2.26493e-007 -1
8.63318 35.8301 -28.0427 -0.000499755 1.0005 1.33122e-007 7.54953e-008 -1
8.37955 53.4402 -30.3298 -0.999501 1.0005 2.8412e-007 2.26493e-007 -1
6.06807 38.0572 -10.6107 -0.000499517 1.9995 2.8412e-007 2.26493e-007 -1
5.81444 55.6673 -12.8979 -0.9995 1.9995 1.33122e-007 7.54953e-008 -1
5.81444 55.6673 -12.8979 -0.000499517 1.9995 1.78766e-008 7.55029e-008 1
8.63318 35.8301 -28.0427 -0.999501 1.0005 1.78766e-008 7.55029e-008 1
8.37955 53.4402 -30.3298 -0.000499755 1.0005 2.8412e-007 2.26493e-007 -1
8.63318 35.8301 -28.0427 -0.999501 1.0005 1.78766e-008 7.55029e-008 1
5.81444 55.6673 -12.8979 -0.000499517 1.9995 1.78766e-008 7.55029e-008 1
6.06807 38.0572 -10.6107 -0.9995 1.9995 2.8412e-007 2.26493e-007 -1
-12.1649 17.6157 -3.4125 -0.000499517 1.9995 -1 1.80793e-007 -9.13973e-008
5.55978 40.9585 -19.6117 -0.999501 1.0005 -1 1.80793e-007 -9.13973e-008
-17.4644 35.7884 -17.6392 -0.000499755 1.0005 -1 2.97985e-008 5.96008e-008
5.55978 40.9585 -19.6117 -0.999501 1.0005 -1 1.80793e-007 -9.13973e-008
-12.1649 17.6157 -3.4125 -0.000499517 1.9995 -1 1.80793e-007 -9.13973e-008
10.8593 22.7857 -5.38502 -0.9995 1.9995 -1 2.97985e-008 5.96008e-008
10.8593 22.7857 -5.38502 -0.000499517 1.9995 1 1.21196e-007 -2.10599e-007
-17.4644 35.7884 -17.6392 -0.999501 1.0005 1 1.21196e-007 -2.10599e-007
5.55978 40.9585 -19.6117 -0.000499755 1.0005 -1 1.80793e-007 -9.13973e-008
-17.4644 35.7884 -17.6392 -0.999501 1.0005 1 1.21196e-007 -2.10599e-007
10.8593 22.7857 -5.38502 -0.000499517 1.9995 1 1.21196e-007 -2.10599e-007
-12.1649 17.6157 -3.4125 -0.9995 1.9995 -1 1.80793e-007 -9.13973e-008
0.143372 13.0636 -13.8121 -0.000499517 1.9995 2.8412e-007 2.26493e-007 -1
-6.74849 45.5106 -9.21215 -0.999501 1.0005 2.8412e-007 2.26493e-007 -1
-5.15613 31.2363 -28.0388 -0.000499755 1.0005 1.33122e-007 7.54953e-008 -1
-6.74849 45.5106 -9.21215 -0.999501 1.0005 2.8412e-007 2.26493e-007 -1
0.143372 13.0636 -13.8121 -0.000499517 1.9995 2.8412e-007 2.26493e-007 -1
-1.44899 27.3378 5.01456 -0.9995 1.9995 1.33122e-007 7.54953e-008 -1
-1.44899 27.3378 5.01456 -0.000499517 1.9995 1.78766e-008 7.55029e-008 1
-5.15613 31.2363 -28.0388 -0.999501 1.0005 1.78766e-008 7.55029e-008 1
-6.74849 45.5106 -9.21215 -0.000499755 1.0005 2.8412e-007 2.26493e-007 -1
-5.15613 31.2363 -28.0388 -0.999501 1.0005 1.78766e-008 7.55029e-008 1
-1.44899 27.3378 5.01456 -0.000499517 1.9995 1.78766e-008 7.55029e-008 1
0.143372 13.0636 -13.8121 -0.9995 1.9995 2.8412e-007 2.26493e-007 -1
-6.16259 28.7472 -19.2162 -0.000499517 1.9995 -1 1.80793e-007 -9.13973e-008
11.6942 46.6484 -7.40619 -0.999501 1.0005 -1 1.80793e-007 -9.13973e-008
-0.154941 47.1213 -23.1787 -0.000499755 1.0005 -1 2.97985e-008 5.96008e-008
11.6942 46.6484 -7.40619 -0.999501 1.0005 -1 1.80793e-007 -9.13973e-008
-6.16259 28.7472 -19.2162 -0.000499517 1.9995 -1 1.80793e-007 -9.13973e-008
5.68659 28.2744 -3.44375 -0.9995 1.9995 -1 2.97985e-008 5.96008e-008
5.68659 28.2744 -3.44375 -0.000499517 1.9995 1 1.21196e-007 -2.10599e-007
-0.154944 47.1213 -23.1787 -0.999501 1.0005 1 1.21196e-007 -2.10599e-007
11.6942 46.6484 -7.40619 -0.000499755 1.0005 -1 1.80793e-007 -9.13973e-008
-0.154944 47.1213 -23.1787 -0.999501 1.0005 1 1.21196e-007 -2.10599e-007
5.68659 28.2744 -3.44375 -0.000499517 1.9995 1 1.21196e-007 -2.10599e-007
-6.16259 28.7472 -19.2162 -0.9995 1.9995 -1 1.80793e-007 -9.13973e-008
7.0576 24.9202 -16.9185 -0.000499517 1.9995 2.8412e-007 2.26493e-007 -1
-1.52595 50.4754 -9.70393 -0.999501 1.0005 2.8412e-007 2.26493e-007 -1
13.0652 43.2943 -20.8809 -0.000499755 1.0005 1.33122e-007 7.54953e-008 -1
-1.52595 50.4754 -9.70393 -0.999501 1.0005 2.8412e-007 2.26493e-007 -1
7.0576 24.9202 -16.9185 -0.000499517 1.9995 2.8412e-007 2.26493e-007 -1
-7.5336 32.1014 -5.74149 -0.9995 1.9995 1.33122e-007 7.54953e-008 -1
-7.53359 32.1014 -5.74149 -0.000499517 1.9995 1.78766e-008 7.55029e-008 1
13.0652 43.2943 -20.8809 -0.999501 1.0005 1.78766e-008 7.55029e-008 1
-1.52595 50.4754 -9.70393 -0.000499755 1.0005 2.8412e-007 2.26493e-007 -1
13.0652 43.2943 -20.8809 -0.999501 1.0005 1.78766e-008 7.55029e-008 1
-7.53359 32.1014 -5.74149 -0.000499517 1.9995 1.78766e-008 7.55029e-008 1
7.0576 24.9202 -16.9185 -0.9995 1.9995 2.8412e-007 2.26493e-007 -1
-5.09224 34.6935 -21.386 -0.000499517 1.9995 -1 1.80793e-007 -9.13973e-008
16.7682 43.6935 -12.9039 -0.999501 1.0005 -1 1.80793e-007 -9.13973e-008
5.67533 48.0128 -26.0836 -0.000499755 1.0005 -1 2.97985e-008 5.96008e-008
16.7682 43.6935 -12.9039 -0.999501 1.0005 -1 1.80793e-007 -9.13973e-008
-5.09224 34.6935 -21.386 -0.000499517 1.9995 -1 1.80793e-007 -9.13973e-008
6.00066 30.3742 -8.20631 -0.9995 1.9995 -1 2.97985e-008 5.96008e-008
6.00066 30.3742 -8.20631 -0.000499517 1.9995 1 1.21196e-007 -2.10599e-007
5.67533 48.0128 -26.0836 -0.999501 1.0005 1 1.21196e-007 -2.10599e-007
16.7682 43.6935 -12.9039 -0.000499755 1.0005 -1 1.80793e-007 -9.13973e-008
5.67533 48.0128 -26.0836 -0.999501 1.0005 1 1.21196e-007 -2.10599e-007
6.00066 30.3742 -8.20631 -0.000499517 1.9995 1 1.21196e-007 -2.10599e-007
-5.09224 34.6935 -21.386 -0.9995 1.9995 -1 1.80793e-007 -9.13973e-008
4.82512 27.0714 -20.2652 -0.000499517 1.9995 2.8412e-007 2.26493e-007 -1
6.85086 51.3155 -14.0247 -0.999501 1.0005 2.8412e-007 2.26493e-007 -1
15.5927 40.3907 -24.9628 -0.000499755 1.0005 1.33122e-007 7.54953e-008 -1
6.85086 51.3155 -14.0247 -0.999501 1.0005 2.8412e-007 2.26493e-007 -1
4.82512 27.0714 -20.2652 -0.000499517 1.9995 2.8412e-007 2.26493e-007 -1
-3.9167 37.9962 -9.32711 -0.9995 1.9995 1.33122e-007 7.54953e-008 -1
-3.9167 37.9962 -9.32711 -0.000499517 1.9995 1.78766e-008 7.55029e-008 1
15.5927 40.3907 -24.9628 -0.999501 1.0005 1.78766e-008 7.55029e-008 1
6.85086 51.3155 -14.0247 -0.000499755 1.0005 2.8412e-007 2.26493e-007 -1
15.5927 40.3907 -24.9628 -0.999501 1.0005 1.78766e-008 7.55029e-008 1
-3.9167 37.9962 -9.32711 -0.000499517 1.9995 1.78766e-008 7.55029e-008 1
4.82512 27.0714 -20.2652 -0.9995 1.9995 2.8412e-007 2.26493e-007 -1
-8.05838 28.5861 11.1067 -0.000499517 1.9995 -1 1.80793e-007 -9.13973e-008
-14.2624 55.3028 -8.10773 -0.999501 1.0005 -1 1.80793e-007 -9.13973e-008
-19.6528 49.0184 14.0775 -0.000499755 1.0005 -1 2.97985e-008 5.96008e-008
-14.2624 55.3028 -8.10773 -0.999501 1.0005 -1 1.80793e-007 -9.13973e-008
-8.05838 28.5861 11.1067 -0.000499517 1.9995 -1 1.80793e-007 -9.13973e-008
-2.66803 34.8706 -11.0785 -0.9995 1.9995 -1 2.97985e-008 5.96008e-008
-2.66803 34.8706 -11.0785 -0.000499517 1.9995 1 1.21196e-007 -2.10599e-007
-19.6528 49.0184 14.0775 -0.999501 1.0005 1 1.21196e-007 -2.10599e-007
-14.2624 55.3028 -8.10773 -0.000499755 1.0005 -1 1.80793e-007 -9.13973e-008
-19.6528 49.0184 14.0775 -0.999501 1.0005 1 1.21196e-007 -2.10599e-007
-2.66803 34.8706 -11.0785 -0.000499517 1.9995 1 1.21196e-007 -2.10599e-007
-8.05838 28.5861 11.1067 -0.9995 1.9995 -1 1.80793e-007 -9.13973e-008
-15.3287 26.6352 -3.84997 -0.000499517 1.9995 2.8412e-007 2.26493e-007 -1
-6.99205 57.2538 6.84894 -0.999501 1.0005 2.8412e-007 2.26493e-007 -1
-26.9231 47.0675 -0.879208 -0.000499755 1.0005 1.33122e-007 7.54953e-008 -1
-6.99205 57.2538 6.84894 -0.999501 1.0005 2.8412e-007 2.26493e-007 -1
-15.3287 26.6352 -3.84997 -0.000499517 1.9995 2.8412e-007 2.26493e-007 -1
4.60233 36.8215 3.87818 -0.9995 1.9995 1.33122e-007 7.54953e-008 -1
4.60233 36.8215 3.87818 -0.000499517 1.9995 1.78766e-008 7.55029e-008 1
-26.9231 47.0675 -0.879205 -0.999501 1.0005 1.78766e-008 7.55029e-008 1
-6.99205 57.2538 6.84894 -0.000499755 1.0005 2.8412e-007 2.26493e-007 -1
-26.9231 47.0675 -0.879205 -0.999501 1.0005 1.78766e-008 7.55029e-008 1
4.60233 36.8215 3.87818 -0.000499517 1.9995 1.78766e-008 7.55029e-008 1
-15.3287 26.6352 -3.84997 -0.9995 1.9995 2.8412e-007 2.26493e-007 -1
-15.3863 35.9979 4.83181 -0.000499517 1.9995 -1 1.80793e-007 -9.13973e-008
-27.2387 49.8672 -16.2859 -0.999501 1.0005 -1 1.80793e-007 -9.13973e-008
-33.1464 43.966 1.59347 -0.000499755 1.0005 -1 2.97985e-008 5.96008e-008
-27.2387 49.8672 -16.2859 -0.999501 1.0005 -1 1.80793e-007 -9.13973e-008
-15.3863 35.9979 4.83181 -0.000499517 1.9995 -1 1.80793e-007 -9.13973e-008
-9.4786 41.8991 -13.0476 -0.9995 1.9995 -1 2.97985e-008 5.96008e-008
-9.4786 41.8991 -13.0476 -0.000499517 1.9995 1 1.21196e-007 -2.10599e-007
-33.1464 43.966 1.59347 -0.999501 1.0005 1 1.21196e-007 -2.10599e-007
-27.2387 49.8672 -16.2859 -0.000499755 1.0005 -1 1.80793e-007 -9.13973e-008
-33.1464 43.966 1.59347 -0.999501 1.0005 1 1.21196e-007 -2.10599e-007
-9.4786 41.8991 -13.0476 -0.000499517 1.9995 1 1.21196e-007 -2.10599e-007
-15.3863 35.9979 4.83181 -0.9995 1.9995 -1 1.80793e-007 -9.13973e-008
-15.558 30.4179 -7.9562 -0.000499517 1.9995 2.8412e-007 2.26493e-007 -1
-27.0669 55.4472 -3.49792 -0.999501 1.0005 2.8412e-007 2.26493e-007 -1
-33.3181 38.386 -11.1945 -0.000499755 1.0005 1.33122e-007 7.54953e-008 -1
-27.0669 55.4472 -3.49792 -0.999501 1.0005 2.8412e-007 2.26493e-007 -1
-15.558 30.4179 -7.9562 -0.000499517 1.9995 2.8412e-007 2.26493e-007 -1
-9.30687 47.4791 -0.259576 -0.9995 1.9995 1.33122e-007 7.54953e-008 -1
-9.30687 47.4791 -0.259579 -0.000499517 1.9995 1.78766e-008 7.55029e-008 1
-33.3181 38.386 -11.1945 -0.999501 1.0005 1.78766e-008 7.55029e-008 1
-27.0669 55.4472 -3.49792 -0.000499755 1.0005 2.8412e-007 2.26493e-007 -1
-33.3181 38.386 -11.1945 -0.999501 1.0005 1.78766e-008 7.55029e-008 1
-9.30687 47.4791 -0.259579 -0.000499517 1.9995 1.78766e-008 7.55029e-008 1
-15.558 30.4179 -7.9562 -0.9995 1.9995 2.8412e-007 2.26493e-007 -1
-19.3104 40.1232 2.78317 -0.000499517 1.9995 -1 1.80793e-007 -9.13973e-008
-25.9407 57.1195 -14.4792 -0.999501 1.0005 -1 1.80793e-007 -9.13973e-008
-31.2838 53.2168 2.00204 -0.000499755 1.0005 -1 2.97985e-008 5.96008e-008
-25.9407 57.1195 -14.4792 -0.999501 1.0005 -1 1.80793e-007 -9.13973e-008
-19.3104 40.1232 2.78317 -0.000499517 1.9995 -1 1.80793e-007 -9.13973e-008
-13.9674 44.026 -13.6981 -0.9995 1.9995 -1 2.97985e-008 5.96008e-008
-13.9674 44.026 -13.6981 -0.000499517 1.9995 1 1.21196e-007 -2.10599e-007
-31.2838 53.2168 2.00204 -0.999501 1.0005 1 1.21196e-007 -2.10599e-007
-25.9407 57.1195 -14.4792 -0.000499755 1.0005 -1 1.80793e-007 -9.13973e-008
-31.2838 53.2168 2.00204 -0.999501 1.0005 1 1.21196e-007 -2.10599e-007
-13.9674 44.026 -13.6981 -0.000499517 1.9995 1 1.21196e-007 -2.10599e-007
-19.3104 40.1232 2.78317 -0.9995 1.9995 -1 1.80793e-007 -9.13973e-008
-22.6285 36.4014 -8.74265 -0.000499517 1.9995 2.8412e-007 2.26493e-007 -1
-22.6226 60.8413 -2.95342 -0.999501 1.0005 2.8412e-007 2.26493e-007 -1
-34.6019 49.495 -9.52378 -0.000499755 1.0005 1.33122e-007 7.54953e-008 -1
-22.6226 60.8413 -2.95342 -0.999501 1.0005 2.8412e-007 2.26493e-007 -1
-22.6285 36.4014 -8.74265 -0.000499517 1.9995 2.8412e-007 2.26493e-007 -1
-10.6493 47.7478 -2.17229 -0.9995 1.9995 1.33122e-007 7.54953e-008 -1
-10.6493 47.7478 -2.17229 -0.000499517 1.9995 1.78766e-008 7.55029e-008 1
-34.6019 49.495 -9.52377 -0.999501 1.0005 1.78766e-008 7.55029e-008 1
-22.6226 60.8413 -2.95342 -0.000499755 1.0005 2.8412e-007 2.26493e-007 -1
-34.6019 49.495 -9.52377 -0.999501 1.0005 1.78766e-008 7.55029e-008 1
-10.6493 47.7478 -2.17229 -0.000499517 1.9995 1.78766e-008 7.55029e-008 1
-22.6285 36.4014 -8.74265 -0.9995 1.9995 2.8412e-007 2.26493e-007 -1
-5.30072 35.4423 10.419 -0.000499517 1.9995 -1 1.80793e-007 -9.13973e-008
-21.0106 50.7355 -14.8947 -0.999501 1.0005 -1 1.80793e-007 -9.13973e-008
-27.7438 36.737 2.97811 -0.000499755 1.0005 -1 2.97985e-008 5.96008e-008
-21.0106 50.7355 -14.8947 -0.999501 1.0005 -1 1.80793e-007 -9.13973e-008
-5.30072 35.4423 10.419 -0.000499517 1.9995 -1 1.80793e-007 -9.13973e-008
1.43247 49.4408 -7.45386 -0.9995 1.9995 -1 2.97985e-008 5.96008e-008
1.43247 49.4408 -7.45386 -0.000499517 1.9995 1 1.21196e-007 -2.10599e-007
-27.7438 36.737 2.97811 -0.999501 1.0005 1 1.21196e-007 -2.10599e-007
-21.0106 50.7355 -14.8947 -0.000499755 1.0005 -1 1.80793e-007 -9.13973e-008
-27.7438 36.737 2.97811 -0.999501 1.0005 1 1.21196e-007 -2.10599e-007
1.43247 49.4408 -7.45386 -0.000499517 1.9995 1 1.21196e-007 -2.10599e-007
-5.30072 35.4423 10.419 -0.9995 1.9995 -1 1.80793e-007 -9.13973e-008
-0.223364 32.914 -5.33522 -0.000499517 1.9995 2.8412e-007 2.26493e-007 -1
-26.0879 53.2638 0.859473 -0.999501 1.0005 2.8412e-007 2.26493e-007 -1
-22.6664 34.2087 -12.7761 -0.000499755 1.0005 1.33122e-007 7.54953e-008 -1
-26.0879 53.2638 0.859473 -0.999501 1.0005 2.8412e-007 2.26493e-007 -1
-0.223364 32.914 -5.33522 -0.000499517 1.9995 2.8412e-007 2.26493e-007 -1
-3.64489 51.9691 8.30033 -0.9995 1.9995 1.33122e-007 7.54953e-008 -1
-3.64489 51.9691 8.30033 -0.000499517 1.9995 1.78766e-008 7.55029e-008 1
-22.6664 34.2087 -12.7761 -0.999501 1.0005 1.78766e-008 7.55029e-008 1
-26.0879 53.2638 0.859473 -0.000499755 1.0005 2.8412e-007 2.26493e-007 -1
-22.6664 34.2087 -12.7761 -0.999501 1.0005 1.78766e-008 7.55029e-008 1
-3.64489 51.9691 8.30033 -0.000499517 1.9995 1.78766e-008 7.55029e-008 1
-0.223364 32.914 -5.33522 -0.9995 1.9995 2.8412e-007 2.26493e-007 -1
-16.7592 53.3249 6.51929 -0.000499517 1.9995 -1 1.80793e-007 -9.13973e-008
-11.9899 54.6947 -20.9429 -0.999501 1.0005 -1 1.80793e-007 -9.13973e-008
-24.5686 63.4486 -8.51139 -0.000499755 1.0005 -1 2.97985e-008 5.96008e-008
-11.9899 54.6947 -20.9429 -0.999501 1.0005 -1 1.80793e-007 -9.13973e-008
-16.7592 53.3249 6.51929 -0.000499517 1.9995 -1 1.80793e-007 -9.13973e-008
-4.18048 44.571 -5.91222 -0.9995 1.9995 -1 2.97985e-008 5.96008e-008
-4.18048 44.571 -5.91222 -0.000499517 1.9995 1 1.21196e-007 -2.10599e-007
-24.5686 63.4486 -8.51139 -0.999501 1.0005 1 1.21196e-007 -2.10599e-007
-11.9899 54.6947 -20.9429 -0.000499755 1.0005 -1 1.80793e-007 -9.13973e-008
-24.5686 63.4486 -8.51139 -0.999501 1.0005 1 1.21196e-007 -2.10599e-007
-4.18048 44.571 -5.91222 -0.000499517 1.9995 1 1.21196e-007 -2.10599e-007
-16.7592 53.3249 6.51929 -0.9995 1.9995 -1 1.80793e-007 -9.13973e-008
-16.9926 41.6975 -1.19094 -0.000499517 1.9995 2.8412e-007 2.26493e-007 -1
-11.7564 66.3222 -13.2327 -0.999501 1.0005 2.8412e-007 2.26493e-007 -1
-24.802 51.8212 -16.2216 -0.000499755 1.0005 1.33122e-007 7.54953e-008 -1
-11.7564 66.3222 -13.2327 -0.999501 1.0005 2.8412e-007 2.26493e-007 -1
-16.9926 41.6975 -1.19094 -0.000499517 1.9995 2.8412e-007 2.26493e-007 -1
-3.94707 56.1984 1.79801 -0.9995 1.9995 1.33122e-007 7.54953e-008 -1
-3.94707 56.1984 1.79801 -0.000499517 1.9995 1.78766e-008 7.55029e-008 1
-24.802 51.8212 -16.2216 -0.999501 1.0005 1.78766e-008 7.55029e-008 1
-11.7564 66.3222 -13.2327 -0.000499755 1.0005 2.8412e-007 2.26493e-007 -1
-24.802 51.8212 -16.2216 -0.999501 1.0005 1.78766e-008 7.55029e-008 1
-3.94707 56.1984 1.79801 -0.000499517 1.9995 1.78766e-008 7.55029e-008 1
-16.9926 41.6975 -1.19094 -0.9995 1.9995 2.8412e-007 2.26493e-007 -1
-15.2636 53.2517 8.65875 -0.000499517 1.9995 -1 1.80793e-007 -9.13973e-008
-17.5078 69.2397 -10.5811 -0.999501 1.0005 -1 1.80793e-007 -9.13973e-008
-19.9446 70.301 6.97871 -0.000499755 1.0005 -1 2.97985e-008 5.96008e-008
-17.5078 69.2397 -10.5811 -0.999501 1.0005 -1 1.80793e-007 -9.13973e-008
-15.2636 53.2517 8.65875 -0.000499517 1.9995 -1 1.80793e-007 -9.13973e-008
-12.8268 52.1904 -8.90109 -0.9995 1.9995 -1 2.97985e-008 5.96008e-008
-12.8268 52.1904 -8.9011 -0.000499517 1.9995 1 1.21196e-007 -2.10599e-007
-19.9446 70.301 6.97871 -0.999501 1.0005 1 1.21196e-007 -2.10599e-007
-17.5078 69.2397 -10.5811 -0.000499755 1.0005 -1 1.80793e-007 -9.13973e-008
-19.9446 70.301 6.97871 -0.999501 1.0005 1 1.21196e-007 -2.10599e-007
-12.8268 52.1904 -8.9011 -0.000499517 1.9995 1 1.21196e-007 -2.10599e-007
-15.2636 53.2517 8.65875 -0.9995 1.9995 -1 1.80793e-007 -9.13973e-008
-22.5241 50.2917 -1.15093 -0.000499517 1.9995 2.8412e-007 2.26493e-007 -1
-10.2474 72.1998 -0.771457 -0.999501 1.0005 2.8412e-007 2.26493e-007 -1
-27.205 67.341 -2.83096 -0.000499755 1.0005 1.33122e-007 7.54953e-008 -1
-10.2474 72.1998 -0.771457 -0.999501 1.0005 2.8412e-007 2.26493e-007 -1
-22.5241 50.2917 -1.15093 -0.000499517 1.9995 2.8412e-007 2.26493e-007 -1
-5.56637 55.1505 0.908579 -0.9995 1.9995 1.33122e-007 7.54953e-008 -1
-5.56637 55.1505 0.908577 -0.000499517 1.9995 1.78766e-008 7.55029e-008 1
-27.205 67.341 -2.83096 -0.999501 1.0005 1.78766e-008 7.55029e-008 1
-10.2474 72.1998 -0.771457 -0.000499755 1.0005 2.8412e-007 2.26493e-007 -1
-27.205 67.341 -2.83096 -0.999501 1.0005 1.78766e-008 7.55029e-008 1
-5.56637 55.1505 0.908577 -0.000499517 1.9995 1.78766e-008 7.55029e-008 1
-22.5241 50.2917 -1.15093 -0.9995 1.9995 2.8412e-007 2.26493e-007 -1
-16.7766 42.2103 13.2161 -0.000499517 1.9995 -1 1.80793e-007 -9.13973e-008
-15.3323 51.3866 -18.9581 -0.999501 1.0005 -1 1.80793e-007 -9.13973e-008
-31.6344 52.8465 -1.84548 -0.000499755 1.0005 -1 2.97985e-008 5.96008e-008
-15.3323 51.3866 -18.9581 -0.999501 1.0005 -1 1.80793e-007 -9.13973e-008
-16.7766 42.2103 13.2161 -0.000499517 1.9995 -1 1.80793e-007 -9.13973e-008
-0.474449 40.7504 -3.89656 -0.9995 1.9995 -1 2.97985e-008 5.96008e-008
-0.474451 40.7504 -3.89656 -0.000499517 1.9995 1 1.21196e-007 -2.10599e-007
-31.6344 52.8465 -1.84548 -0.999501 1.0005 1 1.21196e-007 -2.10599e-007
-15.3323 51.3866 -18.9581 -0.000499755 1.0005 -1 1.80793e-007 -9.13973e-008
-31.6344 52.8465 -1.84548 -0.999501 1.0005 1 1.21196e-007 -2.10599e-007
-0.474451 40.7504 -3.89656 -0.000499517 1.9995 1 1.21196e-007 -2.10599e-007
-16.7766 42.2103 13.2161 -0.9995 1.9995 -1 1.80793e-007 -9.13973e-008
-12.933 30.9273 1.45655 -0.000499517 1.9995 2.8412e-007 2.26493e-007 -1
-19.1758 62.6697 -7.1986 -0.999501 1.0005 2.8412e-007 2.26493e-007 -1
-27.7908 41.5635 -13.605 -0.000499755 1.0005 1.33122e-007 7.54953e-008 -1
-19.1758 62.6697 -7.1986 -0.999501 1.0005 2.8412e-007 2.26493e-007 -1
-12.933 30.9273 1.45655 -0.000499517 1.9995 2.8412e-007 2.26493e-007 -1
-4.31803 52.0335 7.86293 -0.9995 1.9995 1.33122e-007 7.54953e-008 -1
-4.31802 52.0335 7.86293 -0.000499517 1.9995 1.78766e-008 7.55029e-008 1
-27.7908 41.5635 -13.605 -0.999501 1.0005 1.78766e-008 7.55029e-008 1
-19.1758 62.6697 -7.1986 -0.000499755 1.0005 2.8412e-007 2.26493e-007 -1
-27.7908 41.5635 -13.605 -0.999501 1.0005 1.78766e-008 7.55029e-008 1
-4.31802 52.0335 7.86293 -0.000499517 1.9995 1.78766e-008 7.55029e-008 1
-12.933 30.9273 1.45655 -0.9995 1.9995 2.8412e-007 2.26493e-007 -1
-12.3121 50.0008 13.0036 -0.000499517 1.9995 -1 1.80793e-007 -9.13973e-008
-37.7519 41.3802 5.4341 -0.999501 1.0005 -1 1.80793e-007 -9.13973e-008
-29.0658 45.8664 22.5754 -0.000499755 1.0005 -1 2.97985e-008 5.96008e-008
-37.7519 41.3802 5.4341 -0.999501 1.0005 -1 1.80793e-007 -9.13973e-008
-12.3121 50.0008 13.0036 -0.000499517 1.9995 -1 1.80793e-007 -9.13973e-008
-20.9982 45.5146 -4.13768 -0.9995 1.9995 -1 2.97985e-008 5.96008e-008
-20.9982 45.5146 -4.13768 -0.000499517 1.9995 1 1.21196e-007 -2.10599e-007
-29.0658 45.8664 22.5754 -0.999501 1.0005 1 1.21196e-007 -2.10599e-007
-37.7519 41.3802 5.4341 -0.000499755 1.0005 -1 1.80793e-007 -9.13973e-008
-29.0658 45.8664 22.5754 -0.999501 1.0005 1 1.21196e-007 -2.10599e-007
-20.9982 45.5146 -4.13768 -0.000499517 1.9995 1 1.21196e-007 -2.10599e-007
-12.3121 50.0008 13.0036 -0.9995 1.9995 -1 1.80793e-007 -9.13973e-008
-13.7715 38.3745 5.42742 -0.000499517 1.9995 2.8412e-007 2.26493e-007 -1
-36.2925 53.0065 13.0103 -0.999501 1.0005 2.8412e-007 2.26493e-007 -1
-30.5251 34.2401 14.9992 -0.000499755 1.0005 1.33122e-007 7.54953e-008 -1
-36.2925 53.0065 13.0103 -0.999501 1.0005 2.8412e-007 2.26493e-007 -1
-13.7715 38.3745 5.42742 -0.000499517 1.9995 2.8412e-007 2.26493e-007 -1
-19.5388 57.1409 3.43848 -0.9995 1.9995 1.33122e-007 7.54953e-008 -1
-19.5388 57.1409 3.43848 -0.000499517 1.9995 1.78766e-008 7.55029e-008 1
-30.5251 34.2401 14.9992 -0.999501 1.0005 1.78766e-008 7.55029e-008 1
-36.2925 53.0065 13.0103 -0.000499755 1.0005 2.8412e-007 2.26493e-007 -1
-30.5251 34.2401 14.9992 -0.999501 1.0005 1.78766e-008 7.55029e-008 1
-19.5388 57.1409 3.43848 -0.000499517 1.9995 1.78766e-008 7.55029e-008 1
-13.7715 38.3745 5.42742 -0.9995 1.9995 2.8412e-007 2.26493e-007 -1
-18.877 53.6182 12.0462 -0.000499517 1.9995 -1 1.80793e-007 -9.13973e-008
-36.6831 38.6023 2.64993 -0.999501 1.0005 -1 1.80793e-007 -9.13973e-008
-33.4298 45.7944 18.5591 -0.000499755 1.0005 -1 2.97985e-008 5.96008e-008
-36.6831 38.6023 2.64993 -0.999501 1.0005 -1 1.80793e-007 -9.13973e-008
-18.877 53.6182 12.0462 -0.000499517 1.9995 -1 1.80793e-007 -9.13973e-008
-22.1304 46.4261 -3.86294 -0.9995 1.9995 -1 2.97985e-008 5.96008e-008
-22.1304 46.4261 -3.86294 -0.000499517 1.9995 1 1.21196e-007 -2.10599e-007
-33.4298 45.7944 18.5591 -0.999501 1.0005 1 1.21196e-007 -2.10599e-007
-36.6831 38.6023 2.64993 -0.000499755 1.0005 -1 1.80793e-007 -9.13973e-008
-33.4298 45.7944 18.5591 -0.999501 1.0005 1 1.21196e-007 -2.10599e-007
-22.1304 46.4261 -3.86294 -0.000499517 1.9995 1 1.21196e-007 -2.10599e-007
-18.877 53.6182 12.0462 -0.9995 1.9995 -1 1.80793e-007 -9.13973e-008
-15.6807 42.9075 6.32171 -0.000499517 1.9995 2.8412e-007 2.26493e-007 -1
-39.8795 49.313 8.37447 -0.999501 1.0005 2.8412e-007 2.26493e-007 -1
-30.2334 35.0836 12.8346 -0.000499755 1.0005 1.33122e-007 7.54953e-008 -1
-39.8795 49.313 8.37447 -0.999501 1.0005 2.8412e-007 2.26493e-007 -1
-15.6807 42.9075 6.32171 -0.000499517 1.9995 2.8412e-007 2.26493e-007 -1
-25.3267 57.1368 1.8616 -0.9995 1.9995 1.33122e-007 7.54953e-008 -1
-25.3267 57.1368 1.8616 -0.000499517 1.9995 1.78766e-008 7.55029e-008 1
-30.2334 35.0837 12.8346 -0.999501 1.0005 1.78766e-008 7.55029e-008 1
-39.8795 49.313 8.37447 -0.000499755 1.0005 2.8412e-007 2.26493e-007 -1
-30.2334 35.0837 12.8346 -0.999501 1.0005 1.78766e-008 7.55029e-008 1
-25.3267 57.1368 1.8616 -0.000499517 1.9995 1.78766e-008 7.55029e-008 1
-15.6807 42.9075 6.32171 -0.9995 1.9995 2.8412e-007 2.26493e-007 -1
4.011 32.0729 -9.60523 -0.000499517 1.9995 -1 1.80793e-007 -9.13973e-008
9.87073 54.4496 14.6107 -0.999501 1.0005 -1 1.80793e-007 -9.13973e-008
14.0427 53.5028 -8.67941 -0.000499755 1.0005 -1 2.97985e-008 5.96008e-008
9.87073 54.4496 14.6107 -0.999501 1.0005 -1 1.80793e-007 -9.13973e-008
4.011 32.0729 -9.60523 -0.000499517 1.9995 -1 1.80793e-007 -9.13973e-008
-0.160957 33.0197 13.6849 -0.9995 1.9995 -1 2.97985e-008 5.96008e-008
-0.160954 33.0197 13.6849 -0.000499517 1.9995 1 1.21196e-007 -2.10599e-007
14.0427 53.5028 -8.67941 -0.999501 1.0005 1 1.21196e-007 -2.10599e-007
9.87073 54.4496 14.6107 -0.000499755 1.0005 -1 1.80793e-007 -9.13973e-008
14.0427 53.5028 -8.67941 -0.999501 1.0005 1 1.21196e-007 -2.10599e-007
-0.160954 33.0197 13.6849 -0.000499517 1.9995 1 1.21196e-007 -2.10599e-007
4.011 32.0729 -9.60523 -0.9995 1.9995 -1 1.80793e-007 -9.13973e-008
12.4452 27.5314 4.12817 -0.000499517 1.9995 2.8412e-007 2.26493e-007 -1
1.43657 58.9911 0.877337 -0.999501 1.0005 2.8412e-007 2.26493e-007 -1
22.4768 48.9613 5.054 -0.000499755 1.0005 1.33122e-007 7.54953e-008 -1
1.43657 58.9911 0.877337 -0.999501 1.0005 2.8412e-007 2.26493e-007 -1
12.4452 27.5314 4.12817 -0.000499517 1.9995 2.8412e-007 2.26493e-007 -1
-8.59511 37.5612 -0.0484862 -0.9995 1.9995 1.33122e-007 7.54953e-008 -1
-8.59511 37.5612 -0.0484829 -0.000499517 1.9995 1.78766e-008 7.55029e-008 1
22.4768 48.9613 5.05399 -0.999501 1.0005 1.78766e-008 7.55029e-008 1
1.43657 58.9911 0.877337 -0.000499755 1.0005 2.8412e-007 2.26493e-007 -1
22.4768 48.9613 5.05399 -0.999501 1.0005 1.78766e-008 7.55029e-008 1
-8.59511 37.5612 -0.0484829 -0.000499517 1.9995 1.78766e-008 7.55029e-008 1
12.4452 27.5314 4.12817 -0.9995 1.9995 2.8412e-007 2.26493e-007 -1
10.4048 38.7427 -5.88008 -0.000499517 1.9995 -1 1.80793e-007 -9.13973e-008
26.0548 50.0255 14.2836 -0.999501 1.0005 -1 1.80793e-007 -9.13973e-008
27.8832 47.8809 -5.24731 -0.000499755 1.0005 -1 2.97985e-008 5.96008e-008
26.0548 50.0255 14.2836 -0.999501 1.0005 -1 1.80793e-007 -9.13973e-008
10.4048 38.7427 -5.88008 -0.000499517 1.9995 -1 1.80793e-007 -9.13973e-008
8.57649 40.8873 13.6508 -0.9995 1.9995 -1 2.97985e-008 5.96008e-008
8.57649 40.8873 13.6508 -0.000499517 1.9995 1 1.21196e-007 -2.10599e-007
27.8832 47.8809 -5.24731 -0.999501 1.0005 1 1.21196e-007 -2.10599e-007
26.0548 50.0255 14.2836 -0.000499755 1.0005 -1 1.80793e-007 -9.13973e-008
27.8832 47.8809 -5.24731 -0.999501 1.0005 1 1.21196e-007 -2.10599e-007
8.57649 40.8873 13.6508 -0.000499517 1.9995 1 1.21196e-007 -2.10599e-007
10.4048 38.7427 -5.88008 -0.9995 1.9995 -1 1.80793e-007 -9.13973e-008
13.9785 31.1361 5.25848 -0.000499517 1.9995 2.8412e-007 2.26493e-007 -1
22.4811 57.6321 3.14502 -0.999501 1.0005 2.8412e-007 2.26493e-007 -1
31.4568 40.2743 5.89125 -0.000499755 1.0005 1.33122e-007 7.54953e-008 -1
22.4811 57.6321 3.14502 -0.999501 1.0005 2.8412e-007 2.26493e-007 -1
13.9785 31.1361 5.25848 -0.000499517 1.9995 2.8412e-007 2.26493e-007 -1
5.00281 48.4939 2.51224 -0.9995 1.9995 1.33122e-007 7.54953e-008 -1
5.00281 48.4939 2.51225 -0.000499517 1.9995 1.78766e-008 7.55029e-008 1
31.4568 40.2743 5.89125 -0.999501 1.0005 1.78766e-008 7.55029e-008 1
22.4811 57.6321 3.14502 -0.000499755 1.0005 2.8412e-007 2.26493e-007 -1
31.4568 40.2743 5.89125 -0.999501 1.0005 1.78766e-008 7.55029e-008 1
5.00281 48.4939 2.51225 -0.000499517 1.9995 1.78766e-008 7.55029e-008 1
13.9785 31.1361 5.25848 -0.9995 1.9995 2.8412e-007 2.26493e-007 -1
18.2963 38.176 1.24737 -0.000499517 1.9995 -1 1.80793e-007 -9.13973e-008
17.9415 62.8695 5.82252 -0.999501 1.0005 -1 1.80793e-007 -9.13973e-008
29.1269 51.7764 -2.37774 -0.000499755 1.0005 -1 2.97985e-008 5.96008e-008
17.9415 62.8695 5.82252 -0.999501 1.0005 -1 1.80793e-007 -9.13973e-008
18.2963 38.176 1.24737 -0.000499517 1.9995 -1 1.80793e-007 -9.13973e-008
7.11099 49.2691 9.44764 -0.9995 1.9995 -1 2.97985e-008 5.96008e-008
7.11099 49.2691 9.44764 -0.000499517 1.9995 1 1.21196e-007 -2.10599e-007
29.1269 51.7764 -2.37775 -0.999501 1.0005 1 1.21196e-007 -2.10599e-007
17.9415 62.8695 5.82252 -0.000499755 1.0005 -1 1.80793e-007 -9.13973e-008
29.1269 51.7764 -2.37775 -0.999501 1.0005 1 1.21196e-007 -2.10599e-007
7.11099 49.2691 9.44764 -0.000499517 1.9995 1 1.21196e-007 -2.10599e-007
18.2963 38.176 1.24737 -0.9995 1.9995 -1 1.80793e-007 -9.13973e-008
16.9756 42.3638 13.0128 -0.000499517 1.9995 2.8412e-007 2.26493e-007 -1
19.2622 58.6818 -5.9429 -0.999501 1.0005 2.8412e-007 2.26493e-007 -1
27.8062 55.9641 9.38768 -0.000499755 1.0005 1.33122e-007 7.54953e-008 -1
19.2622 58.6818 -5.9429 -0.999501 1.0005 2.8412e-007 2.26493e-007 -1
16.9756 42.3638 13.0128 -0.000499517 1.9995 2.8412e-007 2.26493e-007 -1
8.43164 45.0814 -2.31778 -0.9995 1.9995 1.33122e-007 7.54953e-008 -1
8.43164 45.0814 -2.31778 -0.000499517 1.9995 1.78766e-008 7.55029e-008 1
27.8062 55.9641 9.38767 -0.999501 1.0005 1.78766e-008 7.55029e-008 1
19.2622 58.6818 -5.9429 -0.000499755 1.0005 2.8412e-007 2.26493e-007 -1
27.8062 55.9641 9.38767 -0.999501 1.0005 1.78766e-008 7.55029e-008 1
8.43164 45.0814 -2.31778 -0.000499517 1.9995 1.78766e-008 7.55029e-008 1
16.9756 42.3638 13.0128 -0.9995 1.9995 2.8412e-007 2.26493e-007 -1
-7.73097 41.1508 -3.07977 -0.000499517 1.9995 -1 1.80793e-007 -9.13973e-008
15.6865 33.9027 -25.8954 -0.999501 1.0005 -1 1.80793e-007 -9.13973e-008
-6.14241 43.0512 -26.6297 -0.000499755 1.0005 -1 2.97985e-008 5.96008e-008
15.6865 33.9027 -25.8954 -0.999501 1.0005 -1 1.80793e-007 -9.13973e-008
-7.73097 41.1508 -3.07977 -0.000499517 1.9995 -1 1.80793e-007 -9.13973e-008
14.0979 32.0024 -2.34552 -0.9995 1.9995 -1 2.97985e-008 5.96008e-008
14.0979 32.0024 -2.34552 -0.000499517 1.9995 1 1.21196e-007 -2.10599e-007
-6.14241 43.0512 -26.6297 -0.999501 1.0005 1 1.21196e-007 -2.10599e-007
15.6865 33.9027 -25.8954 -0.000499755 1.0005 -1 1.80793e-007 -9.13973e-008
-6.14241 43.0512 -26.6297 -0.999501 1.0005 1 1.21196e-007 -2.10599e-007
14.0979 32.0024 -2.34552 -0.000499517 1.9995 1 1.21196e-007 -2.10599e-007
-7.73097 41.1508 -3.07977 -0.9995 1.9995 -1 1.80793e-007 -9.13973e-008
-1.33622 25.6974 -3.8954 -0.000499517 1.9995 2.8412e-007 2.26493e-007 -1
9.2917 49.3561 -25.0798 -0.999501 1.0005 2.8412e-007 2.26493e-007 -1
0.252341 27.5977 -27.4453 -0.000499755 1.0005 1.33122e-007 7.54953e-008 -1
9.2917 49.3561 -25.0798 -0.999501 1.0005 2.8412e-007 2.26493e-007 -1
-1.33622 25.6974 -3.8954 -0.000499517 1.9995 2.8412e-007 2.26493e-007 -1
7.70314 47.4558 -1.52989 -0.9995 1.9995 1.33122e-007 7.54953e-008 -1
7.70315 47.4558 -1.52989 -0.000499517 1.9995 1.78766e-008 7.55029e-008 1
0.252338 27.5977 -27.4453 -0.999501 1.0005 1.78766e-008 7.55029e-008 1
9.2917 49.3561 -25.0798 -0.000499755 1.0005 2.8412e-007 2.26493e-007 -1
0.252338 27.5977 -27.4453 -0.999501 1.0005 1.78766e-008 7.55029e-008 1
7.70315 47.4558 -1.52989 -0.000499517 1.9995 1.78766e-008 7.55029e-008 1
-1.33622 25.6974 -3.8954 -0.9995 1.9995 2.8412e-007 2.26493e-007 -1
1.43181 40.1729 -17.0961 -0.000499517 1.9995 -1 1.80793e-007 -9.13973e-008
27.4304 50.2359 -15.8284 -0.999501 1.0005 -1 1.80793e-007 -9.13973e-008
14.8782 45.8046 -30.3956 -0.000499755 1.0005 -1 2.97985e-008 5.96008e-008
27.4304 50.2359 -15.8284 -0.999501 1.0005 -1 1.80793e-007 -9.13973e-008
1.43181 40.1729 -17.0961 -0.000499517 1.9995 -1 1.80793e-007 -9.13973e-008
13.984 44.6042 -2.52889 -0.9995 1.9995 -1 2.97985e-008 5.96008e-008
13.984 44.6042 -2.52889 -0.000499517 1.9995 1 1.21196e-007 -2.10599e-007
14.8782 45.8046 -30.3956 -0.999501 1.0005 1 1.21196e-007 -2.10599e-007
27.4304 50.2359 -15.8284 -0.000499755 1.0005 -1 1.80793e-007 -9.13973e-008
14.8782 45.8046 -30.3956 -0.999501 1.0005 1 1.21196e-007 -2.10599e-007
13.984 44.6042 -2.52889 -0.000499517 1.9995 1 1.21196e-007 -2.10599e-007
1.43181 40.1729 -17.0961 -0.9995 1.9995 -1 1.80793e-007 -9.13973e-008
11.2799 33.1955 -10.0939 -0.000499517 1.9995 2.8412e-007 2.26493e-007 -1
17.5823 57.2132 -22.8306 -0.999501 1.0005 2.8412e-007 2.26493e-007 -1
24.7262 38.8272 -23.3934 -0.000499755 1.0005 1.33122e-007 7.54953e-008 -1
17.5823 57.2132 -22.8306 -0.999501 1.0005 2.8412e-007 2.26493e-007 -1
11.2799 33.1955 -10.0939 -0.000499517 1.9995 2.8412e-007 2.26493e-007 -1
4.13594 51.5815 -9.53112 -0.9995 1.9995 1.33122e-007 7.54953e-008 -1
4.13594 51.5816 -9.53112 -0.000499517 1.9995 1.78766e-008 7.55029e-008 1
24.7262 38.8272 -23.3934 -0.999501 1.0005 1.78766e-008 7.55029e-008 1
17.5823 57.2132 -22.8306 -0.000499755 1.0005 2.8412e-007 2.26493e-007 -1
24.7262 38.8272 -23.3934 -0.999501 1.0005 1.78766e-008 7.55029e-008 1
4.13594 51.5816 -9.53112 -0.000499517 1.9995 1.78766e-008 7.55029e-008 1
11.2799 33.1955 -10.0939 -0.9995 1.9995 2.8412e-007 2.26493e-007 -1
7.77069 45.0068 -21.7198 -0.000499517 1.9995 -1 1.80793e-007 -9.13973e-008
28.3396 51.7138 -8.96201 -0.999501 1.0005 -1 1.80793e-007 -9.13973e-008
23.7102 51.4952 -26.1065 -0.000499755 1.0005 -1 2.97985e-008 5.96008e-008
28.3396 51.7138 -8.96201 -0.999501 1.0005 -1 1.80793e-007 -9.13973e-008
7.77069 45.0068 -21.7198 -0.000499517 1.9995 -1 1.80793e-007 -9.13973e-008
12.4001 45.2253 -4.57528 -0.9995 1.9995 -1 2.97985e-008 5.96008e-008
12.4001 45.2253 -4.57528 -0.000499517 1.9995 1 1.21196e-007 -2.10599e-007
23.7102 51.4952 -26.1065 -0.999501 1.0005 1 1.21196e-007 -2.10599e-007
28.3396 51.7138 -8.96201 -0.000499755 1.0005 -1 1.80793e-007 -9.13973e-008
23.7102 51.4952 -26.1065 -0.999501 1.0005 1 1.21196e-007 -2.10599e-007
12.4001 45.2253 -4.57528 -0.000499517 1.9995 1 1.21196e-007 -2.10599e-007
7.77069 45.0068 -21.7198 -0.9995 1.9995 -1 1.80793e-007 -9.13973e-008
13.2442 36.8507 -13.8951 -0.000499517 1.9995 2.8412e-007 2.26493e-007 -1
22.8661 59.8699 -16.7867 -0.999501 1.0005 2.8412e-007 2.26493e-007 -1
29.1837 43.3392 -18.2818 -0.000499755 1.0005 1.33122e-007 7.54953e-008 -1
22.8661 59.8699 -16.7867 -0.999501 1.0005 2.8412e-007 2.26493e-007 -1
13.2442 36.8507 -13.8951 -0.000499517 1.9995 2.8412e-007 2.26493e-007 -1
6.92655 53.3814 -12.4 -0.9995 1.9995 1.33122e-007 7.54953e-008 -1
6.92655 53.3814 -12.3999 -0.000499517 1.9995 1.78766e-008 7.55029e-008 1
29.1837 43.3392 -18.2818 -0.999501 1.0005 1.78766e-008 7.55029e-008 1
22.8661 59.8699 -16.7867 -0.000499755 1.0005 2.8412e-007 2.26493e-007 -1
29.1837 43.3392 -18.2818 -0.999501 1.0005 1.78766e-008 7.55029e-008 1
6.92655 53.3814 -12.3999 -0.000499517 1.9995 1.78766e-008 7.55029e-008 1
13.2442 36.8507 -13.8951 -0.9995 1.9995 2.8412e-007 2.26493e-007 -1
10.434 28.9978 3.68251 -0.000499517 1.9995 -1 1.80793e-007 -9.13973e-008
6.19703 50.6202 28.9012 -0.999501 1.0005 -1 1.80793e-007 -9.13973e-008
22.7141 34.6675 23.1192 -0.000499755 1.0005 -1 2.97985e-008 5.96008e-008
6.19703 50.6202 28.9012 -0.999501 1.0005 -1 1.80793e-007 -9.13973e-008
10.434 28.9978 3.68251 -0.000499517 1.9995 -1 1.80793e-007 -9.13973e-008
-6.08307 44.9505 9.46453 -0.9995 1.9995 -1 2.97985e-008 5.96008e-008
-6.08307 44.9505 9.46453 -0.000499517 1.9995 1 1.21196e-007 -2.10599e-007
22.7141 34.6675 23.1192 -0.999501 1.0005 1 1.21196e-007 -2.10599e-007
6.19703 50.6202 28.9012 -0.000499755 1.0005 -1 1.80793e-007 -9.13973e-008
22.7141 34.6675 23.1192 -0.999501 1.0005 1 1.21196e-007 -2.10599e-007
-6.08307 44.9505 9.46453 -0.000499517 1.9995 1 1.21196e-007 -2.10599e-007
10.434 28.9978 3.68251 -0.9995 1.9995 -1 1.80793e-007 -9.13973e-008
-3.67943 28.6962 12.6873 -0.000499517 1.9995 2.8412e-007 2.26493e-007 -1
20.3104 50.9219 19.8964 -0.999501 1.0005 2.8412e-007 2.26493e-007 -1
8.60068 34.3659 32.1241 -0.000499755 1.0005 1.33122e-007 7.54953e-008 -1
20.3104 50.9219 19.8964 -0.999501 1.0005 2.8412e-007 2.26493e-007 -1
-3.67943 28.6962 12.6873 -0.000499517 1.9995 2.8412e-007 2.26493e-007 -1
8.03035 45.2521 0.459698 -0.9995 1.9995 1.33122e-007 7.54953e-008 -1
8.03034 45.2521 0.459699 -0.000499517 1.9995 1.78766e-008 7.55029e-008 1
8.60068 34.3659 32.1241 -0.999501 1.0005 1.78766e-008 7.55029e-008 1
20.3104 50.9219 19.8964 -0.000499755 1.0005 2.8412e-007 2.26493e-007 -1
8.60068 34.3659 32.1241 -0.999501 1.0005 1.78766e-008 7.55029e-008 1
8.03034 45.2521 0.459699 -0.000499517 1.9995 1.78766e-008 7.55029e-008 1
-3.67943 28.6962 12.6873 -0.9995 1.9995 2.8412e-007 2.26493e-007 -1
6.72554 40.0872 23.7492 -0.000499517 1.9995 -1 1.80793e-007 -9.13973e-008
-13.6813 58.1177 17.6454 -0.999501 1.0005 -1 1.80793e-007 -9.13973e-008
-5.28595 51.6592 34.2948 -0.000499755 1.0005 -1 2.97985e-008 5.96008e-008
-13.6813 58.1177 17.6454 -0.999501 1.0005 -1 1.80793e-007 -9.13973e-008
6.72554 40.0872 23.7492 -0.000499517 1.9995 -1 1.80793e-007 -9.13973e-008
-1.66979 46.5457 7.09978 -0.9995 1.9995 -1 2.97985e-008 5.96008e-008
-1.66979 46.5457 7.09978 -0.000499517 1.9995 1 1.21196e-007 -2.10599e-007
-5.28595 51.6592 34.2948 -0.999501 1.0005 1 1.21196e-007 -2.10599e-007
-13.6813 58.1177 17.6454 -0.000499755 1.0005 -1 1.80793e-007 -9.13973e-008
-5.28595 51.6592 34.2948 -0.999501 1.0005 1 1.21196e-007 -2.10599e-007
-1.66979 46.5457 7.09978 -0.000499517 1.9995 1 1.21196e-007 -2.10599e-007
6.72554 40.0872 23.7492 -0.9995 1.9995 -1 1.80793e-007 -9.13973e-008
-4.07969 36.0059 15.9205 -0.000499517 1.9995 2.8412e-007 2.26493e-007 -1
-2.87605 62.1989 25.4741 -0.999501 1.0005 2.8412e-007 2.26493e-007 -1
-16.0912 47.5779 26.4661 -0.000499755 1.0005 1.33122e-007 7.54953e-008 -1
-2.87605 62.1989 25.4741 -0.999501 1.0005 2.8412e-007 2.26493e-007 -1
-4.07969 36.0059 15.9205 -0.000499517 1.9995 2.8412e-007 2.26493e-007 -1
9.13544 50.6269 14.9285 -0.9995 1.9995 1.33122e-007 7.54953e-008 -1
9.13544 50.6269 14.9285 -0.000499517 1.9995 1.78766e-008 7.55029e-008 1
-16.0912 47.5779 26.4661 -0.999501 1.0005 1.78766e-008 7.55029e-008 1
-2.87605 62.1989 25.4741 -0.000499755 1.0005 2.8412e-007 2.26493e-007 -1
-16.0912 47.5779 26.4661 -0.999501 1.0005 1.78766e-008 7.55029e-008 1
9.13544 50.6269 14.9285 -0.000499517 1.9995 1.78766e-008 7.55029e-008 1
-4.07969 36.0059 15.9205 -0.9995 1.9995 2.8412e-007 2.26493e-007 -1
8.43009 44.6731 25.1074 -0.000499517 1.9995 -1 1.80793e-007 -9.13973e-008
-10.5479 61.1248 25.043 -0.999501 1.0005 -1 1.80793e-007 -9.13973e-008
1.82677 56.2737 36.8221 -0.000499755 1.0005 -1 2.97985e-008 5.96008e-008
-10.5479 61.1248 25.043 -0.999501 1.0005 -1 1.80793e-007 -9.13973e-008
8.43009 44.6731 25.1074 -0.000499517 1.9995 -1 1.80793e-007 -9.13973e-008
-3.94456 49.5242 13.3283 -0.9995 1.9995 -1 2.97985e-008 5.96008e-008
-3.94456 49.5242 13.3283 -0.000499517 1.9995 1 1.21196e-007 -2.10599e-007
1.82678 56.2737 36.8221 -0.999501 1.0005 1 1.21196e-007 -2.10599e-007
-10.5479 61.1248 25.043 -0.000499755 1.0005 -1 1.80793e-007 -9.13973e-008
1.82678 56.2737 36.8221 -0.999501 1.0005 1 1.21196e-007 -2.10599e-007
-3.94456 49.5242 13.3283 -0.000499517 1.9995 1 1.21196e-007 -2.10599e-007
8.43009 44.6731 25.1074 -0.9995 1.9995 -1 1.80793e-007 -9.13973e-008
-3.20418 40.8276 22.3575 -0.000499517 1.9995 2.8412e-007 2.26493e-007 -1
1.08639 64.9703 27.7929 -0.999501 1.0005 2.8412e-007 2.26493e-007 -1
-9.80749 52.4282 34.0722 -0.000499755 1.0005 1.33122e-007 7.54953e-008 -1
1.08639 64.9703 27.7929 -0.999501 1.0005 2.8412e-007 2.26493e-007 -1
-3.20418 40.8276 22.3575 -0.000499517 1.9995 2.8412e-007 2.26493e-007 -1
7.6897 53.3697 16.0782 -0.9995 1.9995 1.33122e-007 7.54953e-008 -1
7.6897 53.3697 16.0782 -0.000499517 1.9995 1.78766e-008 7.55029e-008 1
-9.80749 52.4282 34.0722 -0.999501 1.0005 1.78766e-008 7.55029e-008 1
1.08639 64.9703 27.7929 -0.000499755 1.0005 2.8412e-007 2.26493e-007 -1
-9.80749 52.4282 34.0722 -0.999501 1.0005 1.78766e-008 7.55029e-008 1
7.6897 53.3697 16.0782 -0.000499517 1.9995 1.78766e-008 7.55029e-008 1
-3.20418 40.8276 22.3575 -0.9995 1.9995 2.8412e-007 2.26493e-007 -1
10.5408 25.2487 -7.25737 -0.000499517 1.9995 -1 1.80793e-007 -9.13973e-008
13.3665 40.1762 22.5864 -0.999501 1.0005 -1 1.80793e-007 -9.13973e-008
26.9293 38.7471 3.22811 -0.000499755 1.0005 -1 2.97985e-008 5.96008e-008
13.3665 40.1762 22.5864 -0.999501 1.0005 -1 1.80793e-007 -9.13973e-008
10.5408 25.2487 -7.25737 -0.000499517 1.9995 -1 1.80793e-007 -9.13973e-008
-3.02192 26.6778 12.1009 -0.9995 1.9995 -1 2.97985e-008 5.96008e-008
-3.02192 26.6778 12.1009 -0.000499517 1.9995 1 1.21196e-007 -2.10599e-007
26.9293 38.7471 3.22811 -0.999501 1.0005 1 1.21196e-007 -2.10599e-007
13.3665 40.1762 22.5864 -0.000499755 1.0005 -1 1.80793e-007 -9.13973e-008
26.9293 38.7471 3.22811 -0.999501 1.0005 1 1.21196e-007 -2.10599e-007
-3.02192 26.6778 12.1009 -0.000499517 1.9995 1 1.21196e-007 -2.10599e-007
10.5408 25.2487 -7.25737 -0.9995 1.9995 -1 1.80793e-007 -9.13973e-008
8.96049 16.2617 6.78195 -0.000499517 1.9995 2.8412e-007 2.26493e-007 -1
14.9468 49.1632 8.54707 -0.999501 1.0005 2.8412e-007 2.26493e-007 -1
25.3489 29.76 17.2674 -0.000499755 1.0005 1.33122e-007 7.54953e-008 -1
14.9468 49.1632 8.54707 -0.999501 1.0005 2.8412e-007 2.26493e-007 -1
8.96049 16.2617 6.78195 -0.000499517 1.9995 2.8412e-007 2.26493e-007 -1
-1.44161 35.6649 -1.93841 -0.9995 1.9995 1.33122e-007 7.54953e-008 -1
-1.44161 35.6649 -1.93841 -0.000499517 1.9995 1.78766e-008 7.55029e-008 1
25.3489 29.76 17.2674 -0.999501 1.0005 1.78766e-008 7.55029e-008 1
14.9468 49.1632 8.54707 -0.000499755 1.0005 2.8412e-007 2.26493e-007 -1
25.3489 29.76 17.2674 -0.999501 1.0005 1.78766e-008 7.55029e-008 1
-1.44161 35.6649 -1.93841 -0.000499517 1.9995 1.78766e-008 7.55029e-008 1
8.96049 16.2617 6.78195 -0.9995 1.9995 2.8412e-007 2.26493e-007 -1
16.9926 39.1306 -1.92114 -0.000499517 1.9995 -1 1.80793e-007 -9.13973e-008
16.7787 32.3929 25.1594 -0.999501 1.0005 -1 1.80793e-007 -9.13973e-008
28.7845 42.8116 13.4671 -0.000499755 1.0005 -1 2.97985e-008 5.96008e-008
16.7787 32.3929 25.1594 -0.999501 1.0005 -1 1.80793e-007 -9.13973e-008
16.9926 39.1306 -1.92114 -0.000499517 1.9995 -1 1.80793e-007 -9.13973e-008
4.98675 28.7118 9.7711 -0.9995 1.9995 -1 2.97985e-008 5.96008e-008
4.98676 28.7118 9.7711 -0.000499517 1.9995 1 1.21196e-007 -2.10599e-007
28.7845 42.8116 13.4671 -0.999501 1.0005 1 1.21196e-007 -2.10599e-007
16.7787 32.3929 25.1594 -0.000499755 1.0005 -1 1.80793e-007 -9.13973e-008
28.7845 42.8116 13.4671 -0.999501 1.0005 1 1.21196e-007 -2.10599e-007
4.98676 28.7118 9.7711 -0.000499517 1.9995 1 1.21196e-007 -2.10599e-007
16.9926 39.1306 -1.92114 -0.9995 1.9995 -1 1.80793e-007 -9.13973e-008
16.1425 25.7466 1.93181 -0.000499517 1.9995 2.8412e-007 2.26493e-007 -1
17.6287 45.7768 21.3064 -0.999501 1.0005 2.8412e-007 2.26493e-007 -1
27.9345 29.4276 17.3201 -0.000499755 1.0005 1.33122e-007 7.54953e-008 -1
17.6287 45.7768 21.3064 -0.999501 1.0005 2.8412e-007 2.26493e-007 -1
16.1425 25.7466 1.93181 -0.000499517 1.9995 2.8412e-007 2.26493e-007 -1
5.83678 42.0958 5.91815 -0.9995 1.9995 1.33122e-007 7.54953e-008 -1
5.83678 42.0958 5.91815 -0.000499517 1.9995 1.78766e-008 7.55029e-008 1
27.9345 29.4276 17.3201 -0.999501 1.0005 1.78766e-008 7.55029e-008 1
17.6287 45.7768 21.3064 -0.000499755 1.0005 2.8412e-007 2.26493e-007 -1
27.9345 29.4276 17.3201 -0.999501 1.0005 1.78766e-008 7.55029e-008 1
5.83678 42.0958 5.91815 -0.000499517 1.9995 1.78766e-008 7.55029e-008 1
16.1425 25.7466 1.93181 -0.9995 1.9995 2.8412e-007 2.26493e-007 -1
19.199 39.8163 -0.786026 -0.000499517 1.9995 -1 1.80793e-007 -9.13973e-008
20.4539 42.1508 24.19 -0.999501 1.0005 -1 1.80793e-007 -9.13973e-008
30.7318 47.1093 10.5815 -0.000499755 1.0005 -1 2.97985e-008 5.96008e-008
20.4539 42.1508 24.19 -0.999501 1.0005 -1 1.80793e-007 -9.13973e-008
19.199 39.8163 -0.786026 -0.000499517 1.9995 -1 1.80793e-007 -9.13973e-008
8.9212 34.8577 12.8225 -0.9995 1.9995 -1 2.97985e-008 5.96008e-008
8.9212 34.8577 12.8225 -0.000499517 1.9995 1 1.21196e-007 -2.10599e-007
30.7318 47.1094 10.5815 -0.999501 1.0005 1 1.21196e-007 -2.10599e-007
20.4539 42.1508 24.19 -0.000499755 1.0005 -1 1.80793e-007 -9.13973e-008
30.7318 47.1094 10.5815 -0.999501 1.0005 1 1.21196e-007 -2.10599e-007
8.9212 34.8577 12.8225 -0.000499517 1.9995 1 1.21196e-007 -2.10599e-007
19.199 39.8163 -0.786026 -0.9995 1.9995 -1 1.80793e-007 -9.13973e-008
18.4412 29.6293 6.51857 -0.000499517 1.9995 2.8412e-007 2.26493e-007 -1
21.2118 52.3378 16.8854 -0.999501 1.0005 2.8412e-007 2.26493e-007 -1
29.9739 36.9224 17.8861 -0.000499755 1.0005 1.33122e-007 7.54953e-008 -1
21.2118 52.3378 16.8854 -0.999501 1.0005 2.8412e-007 2.26493e-007 -1
18.4412 29.6293 6.51857 -0.000499517 1.9995 2.8412e-007 2.26493e-007 -1
9.67907 45.0447 5.51788 -0.9995 1.9995 1.33122e-007 7.54953e-008 -1
9.67907 45.0447 5.51788 -0.000499517 1.9995 1.78766e-008 7.55029e-008 1
29.9739 36.9224 17.8861 -0.999501 1.0005 1.78766e-008 7.55029e-008 1
21.2118 52.3378 16.8854 -0.000499755 1.0005 2.8412e-007 2.26493e-007 -1
29.9739 36.9224 17.8861 -0.999501 1.0005 1.78766e-008 7.55029e-008 1
9.67907 45.0447 5.51788 -0.000499517 1.9995 1.78766e-008 7.55029e-008 1
18.4412 29.6293 6.51857 -0.9995 1.9995 2.8412e-007 2.26493e-007 -1
4.65938 34.141 1.6183 -0.000499517 1.9995 -1 1.80793e-007 -9.13973e-008
-24.4705 31.0507 17.8469 -0.999501 1.0005 -1 1.80793e-007 -9.13973e-008
-9.08544 48.6926 14.2699 -0.000499755 1.0005 -1 2.97985e-008 5.96008e-008
-24.4705 31.0507 17.8469 -0.999501 1.0005 -1 1.80793e-007 -9.13973e-008
4.65938 34.141 1.6183 -0.000499517 1.9995 -1 1.80793e-007 -9.13973e-008
-10.7257 16.499 5.19529 -0.9995 1.9995 -1 2.97985e-008 5.96008e-008
-10.7257 16.499 5.19529 -0.000499517 1.9995 1 1.21196e-007 -2.10599e-007
-9.08544 48.6926 14.2699 -0.999501 1.0005 1 1.21196e-007 -2.10599e-007
-24.4705 31.0507 17.8469 -0.000499755 1.0005 -1 1.80793e-007 -9.13973e-008
-9.08544 48.6926 14.2699 -0.999501 1.0005 1 1.21196e-007 -2.10599e-007
-10.7257 16.499 5.19529 -0.000499517 1.9995 1 1.21196e-007 -2.10599e-007
4.65938 34.141 1.6183 -0.9995 1.9995 -1 1.80793e-007 -9.13973e-008
2.77878 22.2482 13.2541 -0.000499517 1.9995 2.8412e-007 2.26493e-007 -1
-22.5899 42.9435 6.21113 -0.999501 1.0005 2.8412e-007 2.26493e-007 -1
-10.966 36.7998 25.9057 -0.000499755 1.0005 1.33122e-007 7.54953e-008 -1
-22.5899 42.9435 6.21113 -0.999501 1.0005 2.8412e-007 2.26493e-007 -1
2.77878 22.2482 13.2541 -0.000499517 1.9995 2.8412e-007 2.26493e-007 -1
-8.84505 28.3918 -6.44048 -0.9995 1.9995 1.33122e-007 7.54953e-008 -1
-8.84506 28.3918 -6.44048 -0.000499517 1.9995 1.78766e-008 7.55029e-008 1
-10.966 36.7998 25.9057 -0.999501 1.0005 1.78766e-008 7.55029e-008 1
-22.5899 42.9435 6.21113 -0.000499755 1.0005 2.8412e-007 2.26493e-007 -1
-10.966 36.7998 25.9057 -0.999501 1.0005 1.78766e-008 7.55029e-008 1
-8.84506 28.3918 -6.44048 -0.000499517 1.9995 1.78766e-008 7.55029e-008 1
2.77878 22.2482 13.2541 -0.9995 1.9995 2.8412e-007 2.26493e-007 -1
0.322567 34.7875 10.6837 -0.000499517 1.9995 -1 1.80793e-007 -9.13973e-008
-25.348 43.6739 17.075 -0.999501 1.0005 -1 1.80793e-007 -9.13973e-008
-7.46585 51.9914 16.4077 -0.000499755 1.0005 -1 2.97985e-008 5.96008e-008
-25.348 43.6739 17.075 -0.999501 1.0005 -1 1.80793e-007 -9.13973e-008
0.322567 34.7875 10.6837 -0.000499517 1.9995 -1 1.80793e-007 -9.13973e-008
-17.5596 26.47 11.351 -0.9995 1.9995 -1 2.97985e-008 5.96008e-008
-17.5596 26.47 11.351 -0.000499517 1.9995 1 1.21196e-007 -2.10599e-007
-7.46585 51.9914 16.4076 -0.999501 1.0005 1 1.21196e-007 -2.10599e-007
-25.348 43.6739 17.075 -0.000499755 1.0005 -1 1.80793e-007 -9.13973e-008
-7.46585 51.9914 16.4076 -0.999501 1.0005 1 1.21196e-007 -2.10599e-007
-17.5596 26.47 11.351 -0.000499517 1.9995 1 1.21196e-007 -2.10599e-007
0.322567 34.7875 10.6837 -0.9995 1.9995 -1 1.80793e-007 -9.13973e-008
-7.1213 28.1669 20.4538 -0.000499517 1.9995 2.8412e-007 2.26493e-007 -1
-17.9041 50.2945 7.30482 -0.999501 1.0005 2.8412e-007 2.26493e-007 -1
-14.9097 45.3709 26.1778 -0.000499755 1.0005 1.33122e-007 7.54953e-008 -1
-17.9041 50.2945 7.30482 -0.999501 1.0005 2.8412e-007 2.26493e-007 -1
-7.1213 28.1669 20.4538 -0.000499517 1.9995 2.8412e-007 2.26493e-007 -1
-10.1157 33.0906 1.58085 -0.9995 1.9995 1.33122e-007 7.54953e-008 -1
-10.1157 33.0906 1.58085 -0.000499517 1.9995 1.78766e-008 7.55029e-008 1
-14.9097 45.3709 26.1778 -0.999501 1.0005 1.78766e-008 7.55029e-008 1
-17.9041 50.2945 7.30482 -0.000499755 1.0005 2.8412e-007 2.26493e-007 -1
-14.9097 45.3709 26.1778 -0.999501 1.0005 1.78766e-008 7.55029e-008 1
-10.1157 33.0906 1.58085 -0.000499517 1.9995 1.78766e-008 7.55029e-008 1
-7.1213 28.1669 20.4538 -0.9995 1.9995 2.8412e-007 2.26493e-007 -1
-5.8781 40.09 13.7984 -0.000499517 1.9995 -1 1.80793e-007 -9.13973e-008
-18.9524 30.375 32.9166 -0.999501 1.0005 -1 1.80793e-007 -9.13973e-008
-7.46711 43.798 31.094 -0.000499755 1.0005 -1 2.97985e-008 5.96008e-008
-18.9524 30.375 32.9166 -0.999501 1.0005 -1 1.80793e-007 -9.13973e-008
-5.8781 40.09 13.7984 -0.000499517 1.9995 -1 1.80793e-007 -9.13973e-008
-17.3634 26.667 15.621 -0.9995 1.9995 -1 2.97985e-008 5.96008e-008
-17.3634 26.667 15.621 -0.000499517 1.9995 1 1.21196e-007 -2.10599e-007
-7.46712 43.798 31.094 -0.999501 1.0005 1 1.21196e-007 -2.10599e-007
-18.9524 30.375 32.9166 -0.000499755 1.0005 -1 1.80793e-007 -9.13973e-008
-7.46712 43.798 31.094 -0.999501 1.0005 1 1.21196e-007 -2.10599e-007
-17.3634 26.667 15.621 -0.000499517 1.9995 1 1.21196e-007 -2.10599e-007
-5.8781 40.09 13.7984 -0.9995 1.9995 -1 1.80793e-007 -9.13973e-008
-4.89443 27.8674 16.5092 -0.000499517 1.9995 2.8412e-007 2.26493e-007 -1
-19.9361 42.5975 30.2058 -0.999501 1.0005 2.8412e-007 2.26493e-007 -1
-6.48345 31.5755 33.8048 -0.000499755 1.0005 1.33122e-007 7.54953e-008 -1
-19.9361 42.5975 30.2058 -0.999501 1.0005 2.8412e-007 2.26493e-007 -1
-4.89443 27.8674 16.5092 -0.000499517 1.9995 2.8412e-007 2.26493e-007 -1
-18.3471 38.8895 12.9102 -0.9995 1.9995 1.33122e-007 7.54953e-008 -1
-18.3471 38.8895 12.9102 -0.000499517 1.9995 1.78766e-008 7.55029e-008 1
-6.48345 31.5755 33.8048 -0.999501 1.0005 1.78766e-008 7.55029e-008 1
-19.9361 42.5975 30.2058 -0.000499755 1.0005 2.8412e-007 2.26493e-007 -1
-6.48345 31.5755 33.8048 -0.999501 1.0005 1.78766e-008 7.55029e-008 1
-18.3471 38.8895 12.9102 -0.000499517 1.9995 1.78766e-008 7.55029e-008 1
-4.89443 27.8674 16.5092 -0.9995 1.9995 2.8412e-007 2.26493e-007 -1
7.7952 27.0726 6.62733 -0.000499517 1.9995 -1 1.80793e-007 -9.13973e-008
-22.5219 23.9366 20.502 -0.999501 1.0005 -1 1.80793e-007 -9.13973e-008
-2.84451 35.9934 25.8093 -0.000499755 1.0005 -1 2.97985e-008 5.96008e-008
-22.5219 23.9366 20.502 -0.999501 1.0005 -1 1.80793e-007 -9.13973e-008
7.7952 27.0726 6.62733 -0.000499517 1.9995 -1 1.80793e-007 -9.13973e-008
-11.8822 15.0158 1.31997 -0.9995 1.9995 -1 2.97985e-008 5.96008e-008
-11.8822 15.0158 1.31998 -0.000499517 1.9995 1 1.21196e-007 -2.10599e-007
-2.84451 35.9934 25.8093 -0.999501 1.0005 1 1.21196e-007 -2.10599e-007
-22.5219 23.9366 20.502 -0.000499755 1.0005 -1 1.80793e-007 -9.13973e-008
-2.84451 35.9934 25.8093 -0.999501 1.0005 1 1.21196e-007 -2.10599e-007
-11.8822 15.0158 1.31998 -0.000499517 1.9995 1 1.21196e-007 -2.10599e-007
7.7952 27.0726 6.62733 -0.9995 1.9995 -1 1.80793e-007 -9.13973e-008
1.84016 11.8819 10.3888 -0.000499517 1.9995 2.8412e-007 2.26493e-007 -1
-16.5668 39.1272 16.7405 -0.999501 1.0005 2.8412e-007 2.26493e-007 -1
-8.79956 20.8027 29.5708 -0.000499755 1.0005 1.33122e-007 7.54953e-008 -1
-16.5668 39.1272 16.7405 -0.999501 1.0005 2.8412e-007 2.26493e-007 -1
1.84016 11.8819 10.3888 -0.000499517 1.9995 2.8412e-007 2.26493e-007 -1
-5.92712 30.2064 -2.44149 -0.9995 1.9995 1.33122e-007 7.54953e-008 -1
-5.92712 30.2064 -2.44149 -0.000499517 1.9995 1.78766e-008 7.55029e-008 1
-8.79956 20.8027 29.5708 -0.999501 1.0005 1.78766e-008 7.55029e-008 1
-16.5668 39.1272 16.7405 -0.000499755 1.0005 2.8412e-007 2.26493e-007 -1
-8.79956 20.8027 29.5708 -0.999501 1.0005 1.78766e-008 7.55029e-008 1
-5.92712 30.2064 -2.44149 -0.000499517 1.9995 1.78766e-008 7.55029e-008 1
1.84016 11.8819 10.3888 -0.9995 1.9995 2.8412e-007 2.26493e-007 -1
1.14405 29.2208 17.1302 -0.000499517 1.9995 -1 1.80793e-007 -9.13973e-008
-23.5503 41.2787 12.273 -0.999501 1.0005 -1 1.80793e-007 -9.13973e-008
-7.79847 45.6902 23.3101 -0.000499755 1.0005 -1 2.97985e-008 5.96008e-008
-23.5503 41.2787 12.273 -0.999501 1.0005 -1 1.80793e-007 -9.13973e-008
1.14405 29.2208 17.1302 -0.000499517 1.9995 -1 1.80793e-007 -9.13973e-008
-14.6078 24.8093 6.0932 -0.9995 1.9995 -1 2.97985e-008 5.96008e-008
-14.6078 24.8093 6.0932 -0.000499517 1.9995 1 1.21196e-007 -2.10599e-007
-7.79847 45.6902 23.3101 -0.999501 1.0005 1 1.21196e-007 -2.10599e-007
-23.5503 41.2787 12.273 -0.000499755 1.0005 -1 1.80793e-007 -9.13973e-008
-7.79847 45.6902 23.3101 -0.999501 1.0005 1 1.21196e-007 -2.10599e-007
-14.6078 24.8093 6.0932 -0.000499517 1.9995 1 1.21196e-007 -2.10599e-007
1.14405 29.2208 17.1302 -0.9995 1.9995 -1 1.80793e-007 -9.13973e-008
-10.6469 22.0478 19.1846 -0.000499517 1.9995 2.8412e-007 2.26493e-007 -1
-11.7594 48.4518 10.2187 -0.999501 1.0005 2.8412e-007 2.26493e-007 -1
-19.5894 38.5171 25.3644 -0.000499755 1.0005 1.33122e-007 7.54953e-008 -1
-11.7594 48.4518 10.2187 -0.999501 1.0005 2.8412e-007 2.26493e-007 -1
-10.6469 22.0478 19.1846 -0.000499517 1.9995 2.8412e-007 2.26493e-007 -1
-2.81687 31.9824 4.03888 -0.9995 1.9995 1.33122e-007 7.54953e-008 -1
-2.81688 31.9824 4.03888 -0.000499517 1.9995 1.78766e-008 7.55029e-008 1
-19.5894 38.5171 25.3644 -0.999501 1.0005 1.78766e-008 7.55029e-008 1
-11.7594 48.4518 10.2187 -0.000499755 1.0005 2.8412e-007 2.26493e-007 -1
-19.5894 38.5171 25.3644 -0.999501 1.0005 1.78766e-008 7.55029e-008 1
-2.81688 31.9824 4.03888 -0.000499517 1.9995 1.78766e-008 7.55029e-008 1
-10.6469 22.0478 19.1846 -0.9995 1.9995 2.8412e-007 2.26493e-007 -1
-6.48159 37.2354 17.8475 -0.000499517 1.9995 -1 1.80793e-007 -9.13973e-008
-28.733 31.7106 7.59191 -0.999501 1.0005 -1 1.80793e-007 -9.13973e-008
-21.3666 46.3234 14.4924 -0.000499755 1.0005 -1 2.97985e-008 5.96008e-008
-28.733 31.7106 7.59191 -0.999501 1.0005 -1 1.80793e-007 -9.13973e-008
-6.48159 37.2354 17.8475 -0.000499517 1.9995 -1 1.80793e-007 -9.13973e-008
-13.8479 22.6226 10.9471 -0.9995 1.9995 -1 2.97985e-008 5.96008e-008
-13.8479 22.6226 10.9471 -0.000499517 1.9995 1 1.21196e-007 -2.10599e-007
-21.3666 46.3234 14.4924 -0.999501 1.0005 1 1.21196e-007 -2.10599e-007
-28.733 31.7106 7.59191 -0.000499755 1.0005 -1 1.80793e-007 -9.13973e-008
-21.3666 46.3234 14.4924 -0.999501 1.0005 1 1.21196e-007 -2.10599e-007
-13.8479 22.6226 10.9471 -0.000499517 1.9995 1 1.21196e-007 -2.10599e-007
-6.48159 37.2354 17.8475 -0.9995 1.9995 -1 1.80793e-007 -9.13973e-008
-13.3106 27.7331 22.4057 -0.000499517 1.9995 2.8412e-007 2.26493e-007 -1
-21.9039 41.2129 3.03372 -0.999501 1.0005 2.8412e-007 2.26493e-007 -1
-28.1956 36.8211 19.0506 -0.000499755 1.0005 1.33122e-007 7.54953e-008 -1
-21.9039 41.2129 3.03372 -0.999501 1.0005 2.8412e-007 2.26493e-007 -1
-13.3106 27.7331 22.4057 -0.000499517 1.9995 2.8412e-007 2.26493e-007 -1
-7.01893 32.1249 6.38887 -0.9995 1.9995 1.33122e-007 7.54953e-008 -1
-7.01893 32.1249 6.38887 -0.000499517 1.9995 1.78766e-008 7.55029e-008 1
-28.1956 36.8211 19.0506 -0.999501 1.0005 1.78766e-008 7.55029e-008 1
-21.9039 41.2129 3.03372 -0.000499755 1.0005 2.8412e-007 2.26493e-007 -1
-28.1956 36.8211 19.0506 -0.999501 1.0005 1.78766e-008 7.55029e-008 1
-7.01893 32.1249 6.38887 -0.000499517 1.9995 1.78766e-008 7.55029e-008 1
-13.3106 27.7331 22.4057 -0.9995 1.9995 2.8412e-007 2.26493e-007 -1
-10.049 25.6043 -7.92481 -0.000499517 1.9995 -1 1.80793e-007 -9.13973e-008
18.3627 34.7218 -23.1271 -0.999501 1.0005 -1 1.80793e-007 -9.13973e-008
-4.58829 35.0346 -28.9482 -0.000499755 1.0005 -1 2.97985e-008 5.96008e-008
18.3627 34.7218 -23.1271 -0.999501 1.0005 -1 1.80793e-007 -9.13973e-008
-10.049 25.6043 -7.92481 -0.000499517 1.9995 -1 1.80793e-007 -9.13973e-008
12.902 25.2915 -2.10369 -0.9995 1.9995 -1 2.97985e-008 5.96008e-008
12.902 25.2915 -2.1037 -0.000499517 1.9995 1 1.21196e-007 -2.10599e-007
-4.58829 35.0346 -28.9482 -0.999501 1.0005 1 1.21196e-007 -2.10599e-007
18.3627 34.7218 -23.1271 -0.000499755 1.0005 -1 1.80793e-007 -9.13973e-008
-4.58829 35.0346 -28.9482 -0.999501 1.0005 1 1.21196e-007 -2.10599e-007
12.902 25.2915 -2.1037 -0.000499517 1.9995 1 1.21196e-007 -2.10599e-007
-10.049 25.6043 -7.92481 -0.9995 1.9995 -1 1.80793e-007 -9.13973e-008
2.4467 14.5885 -9.62037 -0.000499517 1.9995 2.8412e-007 2.26493e-007 -1
5.867 45.7376 -21.4315 -0.999501 1.0005 2.8412e-007 2.26493e-007 -1
7.90745 24.0188 -30.6437 -0.000499755 1.0005 1.33122e-007 7.54953e-008 -1
5.867 45.7376 -21.4315 -0.999501 1.0005 2.8412e-007 2.26493e-007 -1
2.4467 14.5885 -9.62037 -0.000499517 1.9995 2.8412e-007 2.26493e-007 -1
0.406245 36.3073 -0.408141 -0.9995 1.9995 1.33122e-007 7.54953e-008 -1
0.406249 36.3073 -0.40814 -0.000499517 1.9995 1.78766e-008 7.55029e-008 1
7.90745 24.0188 -30.6437 -0.999501 1.0005 1.78766e-008 7.55029e-008 1
5.867 45.7376 -21.4315 -0.000499755 1.0005 2.8412e-007 2.26493e-007 -1
7.90745 24.0188 -30.6437 -0.999501 1.0005 1.78766e-008 7.55029e-008 1
0.406249 36.3073 -0.40814 -0.000499517 1.9995 1.78766e-008 7.55029e-008 1
2.4467 14.5885 -9.62037 -0.9995 1.9995 2.8412e-007 2.26493e-007 -1
2.03155 35.1991 -18.5616 -0.000499517 1.9995 -1 1.80793e-007 -9.13973e-008
25.686 43.0945 -6.03467 -0.999501 1.0005 -1 1.80793e-007 -9.13973e-008
15.5942 49.1441 -21.8763 -0.000499755 1.0005 -1 2.97985e-008 5.96008e-008
25.686 43.0945 -6.03467 -0.999501 1.0005 -1 1.80793e-007 -9.13973e-008
2.03155 35.1991 -18.5616 -0.000499517 1.9995 -1 1.80793e-007 -9.13973e-008
12.1233 29.1494 -2.72007 -0.9995 1.9995 -1 2.97985e-008 5.96008e-008
12.1233 29.1494 -2.72007 -0.000499517 1.9995 1 1.21196e-007 -2.10599e-007
15.5942 49.1441 -21.8763 -0.999501 1.0005 1 1.21196e-007 -2.10599e-007
25.686 43.0945 -6.03467 -0.000499755 1.0005 -1 1.80793e-007 -9.13973e-008
15.5942 49.1441 -21.8763 -0.999501 1.0005 1 1.21196e-007 -2.10599e-007
12.1233 29.1494 -2.72007 -0.000499517 1.9995 1 1.21196e-007 -2.10599e-007
2.03155 35.1991 -18.5616 -0.9995 1.9995 -1 1.80793e-007 -9.13973e-008
12.1668 25.8827 -16.2857 -0.000499517 1.9995 2.8412e-007 2.26493e-007 -1
15.5507 52.4109 -8.31066 -0.999501 1.0005 2.8412e-007 2.26493e-007 -1
25.7295 39.8278 -19.6003 -0.000499755 1.0005 1.33122e-007 7.54953e-008 -1
15.5507 52.4109 -8.31066 -0.999501 1.0005 2.8412e-007 2.26493e-007 -1
12.1668 25.8827 -16.2857 -0.000499517 1.9995 2.8412e-007 2.26493e-007 -1
1.98803 38.4658 -4.99605 -0.9995 1.9995 1.33122e-007 7.54953e-008 -1
1.98804 38.4658 -4.99605 -0.000499517 1.9995 1.78766e-008 7.55029e-008 1
25.7295 39.8278 -19.6003 -0.999501 1.0005 1.78766e-008 7.55029e-008 1
15.5507 52.4109 -8.31066 -0.000499755 1.0005 2.8412e-007 2.26493e-007 -1
25.7295 39.8278 -19.6003 -0.999501 1.0005 1.78766e-008 7.55029e-008 1
1.98804 38.4658 -4.99605 -0.000499517 1.9995 1.78766e-008 7.55029e-008 1
12.1668 25.8827 -16.2857 -0.9995 1.9995 2.8412e-007 2.26493e-007 -1
3.39175 40.6126 -17.0576 -0.000499517 1.9995 -1 1.80793e-007 -9.13973e-008
28.1699 38.8615 -20.773 -0.999501 1.0005 -1 1.80793e-007 -9.13973e-008
15.4575 50.1236 -25.9666 -0.000499755 1.0005 -1 2.97985e-008 5.96008e-008
28.1699 38.8615 -20.773 -0.999501 1.0005 -1 1.80793e-007 -9.13973e-008
3.39175 40.6126 -17.0576 -0.000499517 1.9995 -1 1.80793e-007 -9.13973e-008
16.1041 29.3505 -11.864 -0.9995 1.9995 -1 2.97985e-008 5.96008e-008
16.1041 29.3505 -11.864 -0.000499517 1.9995 1 1.21196e-007 -2.10599e-007
15.4575 50.1236 -25.9666 -0.999501 1.0005 1 1.21196e-007 -2.10599e-007
28.1699 38.8615 -20.773 -0.000499755 1.0005 -1 1.80793e-007 -9.13973e-008
15.4575 50.1236 -25.9666 -0.999501 1.0005 1 1.21196e-007 -2.10599e-007
16.1041 29.3505 -11.864 -0.000499517 1.9995 1 1.21196e-007 -2.10599e-007
3.39175 40.6126 -17.0576 -0.9995 1.9995 -1 1.80793e-007 -9.13973e-008
8.31388 30.0288 -21.6905 -0.000499517 1.9995 2.8412e-007 2.26493e-007 -1
23.2477 49.4453 -16.1401 -0.999501 1.0005 2.8412e-007 2.26493e-007 -1
20.3797 39.5399 -30.5994 -0.000499755 1.0005 1.33122e-007 7.54953e-008 -1
23.2477 49.4453 -16.1401 -0.999501 1.0005 2.8412e-007 2.26493e-007 -1
8.31388 30.0288 -21.6905 -0.000499517 1.9995 2.8412e-007 2.26493e-007 -1
11.1819 39.9342 -7.23122 -0.9995 1.9995 1.33122e-007 7.54953e-008 -1
11.182 39.9342 -7.23122 -0.000499517 1.9995 1.78766e-008 7.55029e-008 1
20.3797 39.5399 -30.5994 -0.999501 1.0005 1.78766e-008 7.55029e-008 1
23.2477 49.4453 -16.1401 -0.000499755 1.0005 2.8412e-007 2.26493e-007 -1
20.3797 39.5399 -30.5994 -0.999501 1.0005 1.78766e-008 7.55029e-008 1
11.182 39.9342 -7.23122 -0.000499517 1.9995 1.78766e-008 7.55029e-008 1
8.31388 30.0288 -21.6905 -0.9995 1.9995 2.8412e-007 2.26493e-007 -1
